locus_tag	ftype	length_bp	gene	EC_number	COG	product
MMMOHJOF_00001	CDS	465	bcp	1.11.1.15	COG1225	Putative peroxiredoxin bcp
MMMOHJOF_00002	CDS	1188				hypothetical protein
MMMOHJOF_00003	CDS	1416				hypothetical protein
MMMOHJOF_00004	CDS	1077				hypothetical protein
MMMOHJOF_00005	CDS	225	tusA_1		COG0425	Sulfur carrier protein TusA
MMMOHJOF_00006	CDS	414				hypothetical protein
MMMOHJOF_00007	CDS	717				hypothetical protein
MMMOHJOF_00008	tRNA	77				tRNA-Met(cat)
MMMOHJOF_00009	CDS	717				hypothetical protein
MMMOHJOF_00010	CDS	513				hypothetical protein
MMMOHJOF_00011	CDS	1014				hypothetical protein
MMMOHJOF_00012	CDS	1452	nuoN	7.1.1.-	COG1007	NADH-quinone oxidoreductase subunit N
MMMOHJOF_00013	CDS	1521	nuoM	7.1.1.-	COG1008	NADH-quinone oxidoreductase subunit M
MMMOHJOF_00014	CDS	1971	nuoL	7.1.1.-	COG1009	NADH-quinone oxidoreductase subunit L
MMMOHJOF_00015	CDS	303	nuoK	7.1.1.-	COG0713	NADH-quinone oxidoreductase subunit K
MMMOHJOF_00016	CDS	609	nuoJ	7.1.1.-	COG0839	NADH-quinone oxidoreductase subunit J
MMMOHJOF_00017	CDS	489	nuoI	7.1.1.-	COG1143	NADH-quinone oxidoreductase subunit I
MMMOHJOF_00018	CDS	1026	nuoH	7.1.1.-	COG1005	NADH-quinone oxidoreductase subunit H
MMMOHJOF_00019	CDS	2220	nqo3	7.1.1.-	COG1034	NADH-quinone oxidoreductase chain 3
MMMOHJOF_00020	CDS	960				hypothetical protein
MMMOHJOF_00021	CDS	237	rpmB		COG0227	50S ribosomal protein L28
MMMOHJOF_00022	CDS	171	rpmG		COG0267	50S ribosomal protein L33
MMMOHJOF_00023	CDS	675				hypothetical protein
MMMOHJOF_00024	CDS	1209	coaBC		COG0452	Coenzyme A biosynthesis bifunctional protein CoaBC
MMMOHJOF_00025	CDS	456	dut	3.6.1.23	COG0756	Deoxyuridine 5'-triphosphate nucleotidohydrolase
MMMOHJOF_00026	CDS	633	thiN	2.7.6.2	COG1564	Thiamine pyrophosphokinase
MMMOHJOF_00027	CDS	921	ynhG_1	2.-.-.-	COG1376	putative L,D-transpeptidase YnhG
MMMOHJOF_00028	CDS	1239	ycaD			putative MFS-type transporter YcaD
MMMOHJOF_00029	CDS	492				hypothetical protein
MMMOHJOF_00030	CDS	321				hypothetical protein
MMMOHJOF_00031	CDS	447	pyrE	2.4.2.10	COG0461	Orotate phosphoribosyltransferase
MMMOHJOF_00032	CDS	783				hypothetical protein
MMMOHJOF_00033	CDS	606				hypothetical protein
MMMOHJOF_00034	CDS	396				hypothetical protein
MMMOHJOF_00035	CDS	612				hypothetical protein
MMMOHJOF_00036	CDS	3018				hypothetical protein
MMMOHJOF_00037	CDS	813	dam	2.1.1.72	COG0338	DNA adenine methylase
MMMOHJOF_00038	CDS	465				hypothetical protein
MMMOHJOF_00039	CDS	1452	trkH		COG0168	Trk system potassium uptake protein TrkH
MMMOHJOF_00040	CDS	1377	trkA		COG0569	Trk system potassium uptake protein TrkA
MMMOHJOF_00041	CDS	846	dapF	5.1.1.7	COG0253	Diaminopimelate epimerase
MMMOHJOF_00042	CDS	1245	lysA	4.1.1.20	COG0019	Diaminopimelate decarboxylase
MMMOHJOF_00043	CDS	561				hypothetical protein
MMMOHJOF_00044	CDS	1122	tcpE			Toxin coregulated pilus biosynthesis protein E
MMMOHJOF_00045	CDS	1611				hypothetical protein
MMMOHJOF_00046	CDS	438				hypothetical protein
MMMOHJOF_00047	CDS	636	nth	4.2.99.18	COG0177	Endonuclease III
MMMOHJOF_00048	CDS	594	rsxB	7.-.-.-		Ion-translocating oxidoreductase complex subunit B
MMMOHJOF_00049	CDS	1656	metG	6.1.1.10	COG0073	Methionine--tRNA ligase
MMMOHJOF_00050	CDS	1080	apbC		COG0489	Iron-sulfur cluster carrier protein
MMMOHJOF_00051	CDS	567	dcd	3.5.4.13		dCTP deaminase
MMMOHJOF_00052	CDS	618	spsI		COG0558	Bifunctional IPC transferase and DIPP synthase
MMMOHJOF_00053	CDS	636	coaX	2.7.1.33	COG1521	Type III pantothenate kinase
MMMOHJOF_00054	CDS	1401	arcD		COG0531	Arginine/ornithine antiporter
MMMOHJOF_00055	CDS	927	arcC2	2.7.2.2		Carbamate kinase 2
MMMOHJOF_00056	CDS	1002	argF	2.1.3.3	COG0078	Ornithine carbamoyltransferase
MMMOHJOF_00057	CDS	1224	arcA	3.5.3.6	COG2235	Arginine deiminase
MMMOHJOF_00058	CDS	531				hypothetical protein
MMMOHJOF_00059	CDS	591	osmY		COG2823	Osmotically-inducible protein Y
MMMOHJOF_00060	CDS	348				hypothetical protein
MMMOHJOF_00061	CDS	246				hypothetical protein
MMMOHJOF_00062	CDS	663				hypothetical protein
MMMOHJOF_00063	CDS	546				hypothetical protein
MMMOHJOF_00064	CDS	459	elaA		COG2153	Protein ElaA
MMMOHJOF_00065	CDS	954	rihA	3.2.-.-		Pyrimidine-specific ribonucleoside hydrolase RihA
MMMOHJOF_00066	CDS	1662				hypothetical protein
MMMOHJOF_00067	CDS	807				hypothetical protein
MMMOHJOF_00068	CDS	591		2.1.1.-	COG1901	Putative pseudouridine methyltransferase
MMMOHJOF_00069	CDS	567				hypothetical protein
MMMOHJOF_00070	CDS	1086				hypothetical protein
MMMOHJOF_00071	CDS	1041				hypothetical protein
MMMOHJOF_00072	CDS	1017	ansA	3.5.1.1	COG0252	L-asparaginase 1
MMMOHJOF_00073	CDS	2487	glnD		COG2844	Bifunctional uridylyltransferase/uridylyl-removing enzyme
MMMOHJOF_00074	CDS	393				hypothetical protein
MMMOHJOF_00075	CDS	768	map	3.4.11.18	COG0024	Methionine aminopeptidase
MMMOHJOF_00076	CDS	765	rpsB		COG0052	30S ribosomal protein S2
MMMOHJOF_00077	CDS	540				hypothetical protein
MMMOHJOF_00078	CDS	1461	mhpA	1.14.13.127		3-(3-hydroxy-phenyl)propionate/3-hydroxycinnamic acid hydroxylase
MMMOHJOF_00079	CDS	510				hypothetical protein
MMMOHJOF_00080	CDS	525	blc		COG3040	Outer membrane lipoprotein Blc
MMMOHJOF_00081	CDS	456	gloA	4.4.1.5	COG0346	Lactoylglutathione lyase
MMMOHJOF_00082	CDS	339				hypothetical protein
MMMOHJOF_00083	CDS	273				hypothetical protein
MMMOHJOF_00084	CDS	489				hypothetical protein
MMMOHJOF_00085	CDS	846				hypothetical protein
MMMOHJOF_00086	CDS	1146				hypothetical protein
MMMOHJOF_00087	CDS	615				hypothetical protein
MMMOHJOF_00088	CDS	939				hypothetical protein
MMMOHJOF_00089	CDS	519				hypothetical protein
MMMOHJOF_00090	CDS	756				hypothetical protein
MMMOHJOF_00091	CDS	765				hypothetical protein
MMMOHJOF_00092	CDS	891				hypothetical protein
MMMOHJOF_00093	CDS	582				hypothetical protein
MMMOHJOF_00094	CDS	741				hypothetical protein
MMMOHJOF_00095	CDS	933	hemC	2.5.1.61	COG0181	Porphobilinogen deaminase
MMMOHJOF_00096	CDS	702	yihG	2.3.-.-	COG0204	putative acyltransferase YihG
MMMOHJOF_00097	CDS	915	ybhR		COG0842	putative multidrug ABC transporter permease YbhR
MMMOHJOF_00098	CDS	1140				hypothetical protein
MMMOHJOF_00099	CDS	744	lpxH	3.6.1.54	COG2908	UDP-2,3-diacylglucosamine hydrolase
MMMOHJOF_00100	CDS	1242	aceE	1.2.4.1	COG2609	Pyruvate dehydrogenase E1 component
MMMOHJOF_00101	CDS	1605	aceF	2.3.1.12	COG0508	Dihydrolipoyllysine-residue acetyltransferase component of pyruvate dehydrogenase complex
MMMOHJOF_00102	CDS	1428	lpdA	1.8.1.4	COG1249	Dihydrolipoyl dehydrogenase
MMMOHJOF_00103	CDS	150				hypothetical protein
MMMOHJOF_00104	CDS	513				hypothetical protein
MMMOHJOF_00105	CDS	834				hypothetical protein
MMMOHJOF_00106	CDS	609				hypothetical protein
MMMOHJOF_00107	CDS	2490	leuS	6.1.1.4	COG0495	Leucine--tRNA ligase
MMMOHJOF_00108	CDS	534	lptE			LPS-assembly lipoprotein LptE
MMMOHJOF_00109	CDS	1062	holA	2.7.7.7	COG1466	DNA polymerase III subunit delta
MMMOHJOF_00110	CDS	633	nadD	2.7.7.18	COG1057	putative nicotinate-nucleotide adenylyltransferase
MMMOHJOF_00111	CDS	342	rsfS			Ribosomal silencing factor RsfS
MMMOHJOF_00112	CDS	471	rlmH	2.1.1.177	COG1576	Ribosomal RNA large subunit methyltransferase H
MMMOHJOF_00113	CDS	501				hypothetical protein
MMMOHJOF_00114	CDS	507				hypothetical protein
MMMOHJOF_00115	CDS	1260	murA	2.5.1.7	COG0766	UDP-N-acetylglucosamine 1-carboxyvinyltransferase
MMMOHJOF_00116	CDS	240	ibaG		COG5007	Acid stress protein IbaG
MMMOHJOF_00117	CDS	294				hypothetical protein
MMMOHJOF_00118	CDS	609	mlaC		COG2854	Intermembrane phospholipid transport system binding protein MlaC
MMMOHJOF_00119	CDS	495	mlaD		COG1463	Intermembrane phospholipid transport system binding protein MlaD
MMMOHJOF_00120	CDS	783	mlaE		COG0767	Intermembrane phospholipid transport system permease protein MlaE
MMMOHJOF_00121	CDS	798	mlaF	3.6.3.-	COG1127	Intermembrane phospholipid transport system ATP-binding protein MlaF
MMMOHJOF_00122	CDS	1179	nhaP_1			K(+)/H(+) antiporter NhaP
MMMOHJOF_00123	CDS	975	kdsD	5.3.1.13	COG0517	Arabinose 5-phosphate isomerase KdsD
MMMOHJOF_00124	CDS	594	lptC			Lipopolysaccharide export system protein LptC
MMMOHJOF_00125	CDS	555	lptA		COG1934	Lipopolysaccharide export system protein LptA
MMMOHJOF_00126	CDS	726	lptB	3.6.3.-	COG1137	Lipopolysaccharide export system ATP-binding protein LptB
MMMOHJOF_00127	CDS	330				hypothetical protein
MMMOHJOF_00128	CDS	1158	acdA_1	1.3.99.-	COG1960	Acyl-CoA dehydrogenase
MMMOHJOF_00129	CDS	1446	bepA_1	3.4.-.-	COG4783	Beta-barrel assembly-enhancing protease
MMMOHJOF_00130	CDS	231	chaB		COG4572	Putative cation transport regulator ChaB
MMMOHJOF_00131	CDS	1428	lpd	1.8.1.4	COG1249	Dihydrolipoyl dehydrogenase
MMMOHJOF_00132	CDS	729				hypothetical protein
MMMOHJOF_00133	CDS	438				hypothetical protein
MMMOHJOF_00134	CDS	510				hypothetical protein
MMMOHJOF_00135	CDS	345				hypothetical protein
MMMOHJOF_00136	CDS	735	dapB	1.17.1.8	COG0289	4-hydroxy-tetrahydrodipicolinate reductase
MMMOHJOF_00137	CDS	141				hypothetical protein
MMMOHJOF_00138	CDS	2016				hypothetical protein
MMMOHJOF_00139	CDS	1260				hypothetical protein
MMMOHJOF_00140	CDS	915	secF		COG0341	Protein translocase subunit SecF
MMMOHJOF_00141	CDS	852				hypothetical protein
MMMOHJOF_00142	CDS	798	parB_1		COG1475	putative chromosome-partitioning protein ParB
MMMOHJOF_00143	CDS	1290	garP			putative galactarate transporter
MMMOHJOF_00144	CDS	1017				hypothetical protein
MMMOHJOF_00145	CDS	2139				hypothetical protein
MMMOHJOF_00146	CDS	2043				hypothetical protein
MMMOHJOF_00147	CDS	423				hypothetical protein
MMMOHJOF_00148	CDS	837				hypothetical protein
MMMOHJOF_00149	CDS	576	tag	3.2.2.20	COG2818	DNA-3-methyladenine glycosylase 1
MMMOHJOF_00150	CDS	330				hypothetical protein
MMMOHJOF_00151	CDS	666				hypothetical protein
MMMOHJOF_00152	CDS	771				hypothetical protein
MMMOHJOF_00153	CDS	366				hypothetical protein
MMMOHJOF_00154	CDS	495	msrC	1.8.4.14	COG1956	Free methionine-R-sulfoxide reductase
MMMOHJOF_00155	CDS	1050				hypothetical protein
MMMOHJOF_00156	CDS	1023	obg	3.6.5.-		GTPase Obg
MMMOHJOF_00157	CDS	264	rpmA		COG0211	50S ribosomal protein L27
MMMOHJOF_00158	CDS	312	rplU		COG0261	50S ribosomal protein L21
MMMOHJOF_00159	CDS	969	ispB	2.5.1.90	COG0142	Octaprenyl diphosphate synthase
MMMOHJOF_00160	CDS	387				hypothetical protein
MMMOHJOF_00161	CDS	768	exoA	3.1.11.2	COG0708	Exodeoxyribonuclease
MMMOHJOF_00162	CDS	495				hypothetical protein
MMMOHJOF_00163	CDS	1251	gltP		COG1301	Proton/glutamate-aspartate symporter
MMMOHJOF_00164	CDS	660	scoB	2.8.3.5	COG2057	putative succinyl-CoA:3-ketoacid coenzyme A transferase subunit B
MMMOHJOF_00165	CDS	702	scoA	2.8.3.5	COG1788	putative succinyl-CoA:3-ketoacid coenzyme A transferase subunit A
MMMOHJOF_00166	CDS	1251	lolC		COG4591	Lipoprotein-releasing system transmembrane protein LolC
MMMOHJOF_00167	CDS	684	lolD	3.6.3.-	COG1136	Lipoprotein-releasing system ATP-binding protein LolD
MMMOHJOF_00168	CDS	174				hypothetical protein
MMMOHJOF_00169	CDS	705	anr			Transcriptional activator protein Anr
MMMOHJOF_00170	CDS	429	uspA2_1		COG0589	Universal stress protein A 
MMMOHJOF_00171	CDS	1272	rhlE	3.6.4.13	COG0513	ATP-dependent RNA helicase RhlE
MMMOHJOF_00172	CDS	1578				hypothetical protein
MMMOHJOF_00173	CDS	1209	exuT			Hexuronate transporter
MMMOHJOF_00174	CDS	801	cheR	2.1.1.80		Chemotaxis protein methyltransferase
MMMOHJOF_00175	CDS	627	cheB	3.1.1.61	COG2201	Protein-glutamate methylesterase/protein-glutamine glutaminase
MMMOHJOF_00176	CDS	2109	rcsC_1	2.7.13.3		Sensor histidine kinase RcsC
MMMOHJOF_00177	CDS	186	deoC	4.1.2.4	COG0274	Deoxyribose-phosphate aldolase
MMMOHJOF_00178	CDS	642				hypothetical protein
MMMOHJOF_00179	CDS	681	trmB	2.1.1.33	COG0220	tRNA (guanine-N(7)-)-methyltransferase
MMMOHJOF_00180	CDS	906	czcD		COG1230	Cadmium, cobalt and zinc/H(+)-K(+) antiporter
MMMOHJOF_00181	CDS	813				hypothetical protein
MMMOHJOF_00182	CDS	315				hypothetical protein
MMMOHJOF_00183	CDS	909	hemF	1.3.3.3	COG0408	Oxygen-dependent coproporphyrinogen-III oxidase
MMMOHJOF_00184	CDS	378				hypothetical protein
MMMOHJOF_00185	CDS	237				hypothetical protein
MMMOHJOF_00186	CDS	480	fpuD	7.2.2.-	COG1120	Petrobactin import ATP-binding protein FpuD
MMMOHJOF_00187	tRNA	75				tRNA-Val(gac)
MMMOHJOF_00188	CDS	651				hypothetical protein
MMMOHJOF_00189	CDS	471				hypothetical protein
MMMOHJOF_00190	CDS	486				hypothetical protein
MMMOHJOF_00191	CDS	522				hypothetical protein
MMMOHJOF_00192	CDS	522				hypothetical protein
MMMOHJOF_00193	CDS	1551	gpmI	5.4.2.12	COG0696	2,3-bisphosphoglycerate-independent phosphoglycerate mutase
MMMOHJOF_00194	CDS	1128	envC		COG4942	Murein hydrolase activator EnvC
MMMOHJOF_00195	CDS	3222	carB	6.3.5.5	COG0458	Carbamoyl-phosphate synthase large chain
MMMOHJOF_00196	CDS	1041	carA	6.3.5.5	COG0505	Carbamoyl-phosphate synthase small chain
MMMOHJOF_00197	CDS	306				hypothetical protein
MMMOHJOF_00198	CDS	1206	gatA_1	6.3.5.7	COG0154	Glutamyl-tRNA(Gln) amidotransferase subunit A
MMMOHJOF_00199	CDS	417	fosA	2.5.1.18		Glutathione transferase FosA
MMMOHJOF_00200	CDS	1110				hypothetical protein
MMMOHJOF_00201	CDS	1251				hypothetical protein
MMMOHJOF_00202	CDS	624				hypothetical protein
MMMOHJOF_00203	CDS	399				hypothetical protein
MMMOHJOF_00204	CDS	972				hypothetical protein
MMMOHJOF_00205	CDS	867	galK	2.7.1.6		Galactokinase
MMMOHJOF_00206	CDS	975				hypothetical protein
MMMOHJOF_00207	CDS	591	engB		COG0218	putative GTP-binding protein EngB
MMMOHJOF_00208	CDS	135				hypothetical protein
MMMOHJOF_00209	CDS	636				Cytochrome c4
MMMOHJOF_00210	CDS	249				hypothetical protein
MMMOHJOF_00211	CDS	336	ndoA	3.1.27.-	COG2337	Endoribonuclease EndoA
MMMOHJOF_00212	CDS	2025				hypothetical protein
MMMOHJOF_00213	CDS	1065	mutY	3.2.2.31	COG1194	Adenine DNA glycosylase
MMMOHJOF_00214	CDS	309	bphA3			Biphenyl dioxygenase ferredoxin subunit
MMMOHJOF_00215	CDS	378				hypothetical protein
MMMOHJOF_00216	CDS	345				hypothetical protein
MMMOHJOF_00217	CDS	2559				hypothetical protein
MMMOHJOF_00218	CDS	1440	tldD	3.4.-.-	COG0312	Metalloprotease TldD
MMMOHJOF_00219	CDS	2679	rcsC_2	2.7.13.3		Sensor histidine kinase RcsC
MMMOHJOF_00220	CDS	606				hypothetical protein
MMMOHJOF_00221	CDS	882				hypothetical protein
MMMOHJOF_00222	tRNA	76				tRNA-Thr(cgt)
MMMOHJOF_00223	CDS	879				hypothetical protein
MMMOHJOF_00224	CDS	927	ghrA	1.1.1.79	COG0111	Glyoxylate/hydroxypyruvate reductase A
MMMOHJOF_00225	CDS	345				hypothetical protein
MMMOHJOF_00226	CDS	579				hypothetical protein
MMMOHJOF_00227	CDS	330				hypothetical protein
MMMOHJOF_00228	CDS	807				hypothetical protein
MMMOHJOF_00229	CDS	441				hypothetical protein
MMMOHJOF_00230	CDS	2475	fadE_1	1.3.8.7	COG1960	Acyl-coenzyme A dehydrogenase
MMMOHJOF_00231	CDS	1308		2.3.1.9		putative acetyl-CoA acyltransferase
MMMOHJOF_00232	CDS	2037	fadJ		COG1024	Fatty acid oxidation complex subunit alpha
MMMOHJOF_00233	CDS	939				Epimerase family protein
MMMOHJOF_00234	CDS	627	cynT	4.2.1.1	COG0288	Carbonic anhydrase 1
MMMOHJOF_00235	CDS	1284	hemL	5.4.3.8	COG0001	Glutamate-1-semialdehyde 2,1-aminomutase
MMMOHJOF_00236	CDS	165	rubA		COG1773	Rubredoxin
MMMOHJOF_00237	CDS	429				hypothetical protein
MMMOHJOF_00238	CDS	207	dedA		COG0586	Protein DedA
MMMOHJOF_00239	CDS	186				hypothetical protein
MMMOHJOF_00240	CDS	1002				hypothetical protein
MMMOHJOF_00241	CDS	450				hypothetical protein
MMMOHJOF_00242	CDS	729				queuosine precursor transporter
MMMOHJOF_00243	CDS	258				hypothetical protein
MMMOHJOF_00244	CDS	660				hypothetical protein
MMMOHJOF_00245	CDS	237				hypothetical protein
MMMOHJOF_00246	CDS	993				hypothetical protein
MMMOHJOF_00247	CDS	474				hypothetical protein
MMMOHJOF_00248	CDS	144				hypothetical protein
MMMOHJOF_00249	CDS	291				hypothetical protein
MMMOHJOF_00250	CDS	363				hypothetical protein
MMMOHJOF_00251	CDS	795				hypothetical protein
MMMOHJOF_00252	CDS	561				hypothetical protein
MMMOHJOF_00253	CDS	222				hypothetical protein
MMMOHJOF_00254	CDS	321				hypothetical protein
MMMOHJOF_00255	CDS	297				hypothetical protein
MMMOHJOF_00256	CDS	816				IS3 family transposase ISHahy5
MMMOHJOF_00257	CDS	195				hypothetical protein
MMMOHJOF_00258	CDS	615				hypothetical protein
MMMOHJOF_00259	CDS	180				hypothetical protein
MMMOHJOF_00260	CDS	420				hypothetical protein
MMMOHJOF_00261	CDS	342				hypothetical protein
MMMOHJOF_00262	CDS	282				hypothetical protein
MMMOHJOF_00263	CDS	1476				hypothetical protein
MMMOHJOF_00264	CDS	2238				hypothetical protein
MMMOHJOF_00265	CDS	807				hypothetical protein
MMMOHJOF_00266	CDS	1200				hypothetical protein
MMMOHJOF_00267	CDS	213				hypothetical protein
MMMOHJOF_00268	CDS	708				hypothetical protein
MMMOHJOF_00269	CDS	1452				hypothetical protein
MMMOHJOF_00270	CDS	180				hypothetical protein
MMMOHJOF_00271	CDS	732				hypothetical protein
MMMOHJOF_00272	CDS	927				hypothetical protein
MMMOHJOF_00273	CDS	1857				hypothetical protein
MMMOHJOF_00274	CDS	201				hypothetical protein
MMMOHJOF_00275	CDS	2154				hypothetical protein
MMMOHJOF_00276	CDS	273				hypothetical protein
MMMOHJOF_00277	CDS	855				hypothetical protein
MMMOHJOF_00278	CDS	1467				hypothetical protein
MMMOHJOF_00279	CDS	231				hypothetical protein
MMMOHJOF_00280	CDS	522				hypothetical protein
MMMOHJOF_00281	CDS	417				hypothetical protein
MMMOHJOF_00282	CDS	264				hypothetical protein
MMMOHJOF_00283	tRNA	77				tRNA-Arg(tcg)
MMMOHJOF_00284	CDS	447				hypothetical protein
MMMOHJOF_00285	CDS	885				hypothetical protein
MMMOHJOF_00286	CDS	690				hypothetical protein
MMMOHJOF_00287	tRNA	77				tRNA-Arg(cct)
MMMOHJOF_00288	CDS	1263		2.7.2.4	COG0527	Aspartate kinase
MMMOHJOF_00289	CDS	2604	alaS	6.1.1.7	COG0013	Alanine--tRNA ligase
MMMOHJOF_00290	CDS	498	cph1	2.7.13.3		Phytochrome-like protein cph1
MMMOHJOF_00291	CDS	459	rcp1			Response regulator rcp1
MMMOHJOF_00292	CDS	666				hypothetical protein
MMMOHJOF_00293	CDS	1728	rpoD		COG0568	RNA polymerase sigma factor RpoD
MMMOHJOF_00294	CDS	1086	infB		COG0532	Translation initiation factor IF-2
MMMOHJOF_00295	CDS	381	rbfA		COG0858	Ribosome-binding factor A
MMMOHJOF_00296	CDS	951	truB	5.4.99.25	COG0130	tRNA pseudouridine synthase B
MMMOHJOF_00297	CDS	267	rpsO		COG0184	30S ribosomal protein S15
MMMOHJOF_00298	CDS	2118	pnp	2.7.7.8	COG1185	Polyribonucleotide nucleotidyltransferase
MMMOHJOF_00299	CDS	558	folE	3.5.4.16	COG0302	GTP cyclohydrolase 1
MMMOHJOF_00300	CDS	342		3.9.1.-	COG0537	Purine nucleoside phosphoramidase
MMMOHJOF_00301	CDS	801				hypothetical protein
MMMOHJOF_00302	CDS	534	ppa	3.6.1.1	COG0221	Inorganic pyrophosphatase
MMMOHJOF_00303	CDS	183				hypothetical protein
MMMOHJOF_00304	CDS	2763	valS	6.1.1.9	COG0525	Valine--tRNA ligase
MMMOHJOF_00305	CDS	765				hypothetical protein
MMMOHJOF_00306	CDS	3816	purL	6.3.5.3	COG0046	Phosphoribosylformylglycinamidine synthase
MMMOHJOF_00307	CDS	1113	cinA			Putative competence-damage inducible protein
MMMOHJOF_00308	CDS	1146				hypothetical protein
MMMOHJOF_00309	CDS	936	lpxC	3.5.1.108	COG0774	UDP-3-O-acyl-N-acetylglucosamine deacetylase
MMMOHJOF_00310	CDS	1158	ftsZ		COG0206	Cell division protein FtsZ
MMMOHJOF_00311	CDS	1236	ftsA_1		COG0849	Cell division protein FtsA
MMMOHJOF_00312	CDS	4209				hypothetical protein
MMMOHJOF_00313	CDS	789	COQ5_1	2.1.1.163		2-methoxy-6-polyprenyl-1,4-benzoquinol methylase, mitochondrial
MMMOHJOF_00314	CDS	1239				hypothetical protein
MMMOHJOF_00315	CDS	2166	uvrD	3.6.4.12	COG0210	DNA helicase II
MMMOHJOF_00316	CDS	324	ebrB			Multidrug resistance protein EbrB
MMMOHJOF_00317	CDS	2691	polA	2.7.7.7	COG0258	DNA polymerase I
MMMOHJOF_00318	CDS	888	thrB	2.7.1.39	COG2334	Homoserine kinase
MMMOHJOF_00319	CDS	408				hypothetical protein
MMMOHJOF_00320	CDS	639	nagL	5.2.1.4		Maleylpyruvate isomerase
MMMOHJOF_00321	CDS	219				hypothetical protein
MMMOHJOF_00322	CDS	303				hypothetical protein
MMMOHJOF_00323	CDS	576		6.3.3.2	COG0212	5-formyltetrahydrofolate cyclo-ligase
MMMOHJOF_00324	CDS	366				hypothetical protein
MMMOHJOF_00325	CDS	1209	mdtL			Multidrug resistance protein MdtL
MMMOHJOF_00326	CDS	438				hypothetical protein
MMMOHJOF_00327	CDS	561				hypothetical protein
MMMOHJOF_00328	CDS	861	rpoH		COG0568	RNA polymerase sigma factor RpoH
MMMOHJOF_00329	CDS	606	ubiJ		COG3165	Ubiquinone biosynthesis accessory factor UbiJ
MMMOHJOF_00330	CDS	465	queF	1.7.1.13	COG0780	NADPH-dependent 7-cyano-7-deazaguanine reductase
MMMOHJOF_00331	CDS	342				hypothetical protein
MMMOHJOF_00332	CDS	657	tpm	2.1.1.67		Thiopurine S-methyltransferase
MMMOHJOF_00333	CDS	2067	dbpA	3.6.4.13		ATP-dependent RNA helicase DbpA
MMMOHJOF_00334	CDS	816	catD	3.1.1.24	COG0596	3-oxoadipate enol-lactonase 2
MMMOHJOF_00335	CDS	504				hypothetical protein
MMMOHJOF_00336	CDS	960				hypothetical protein
MMMOHJOF_00337	CDS	396				hypothetical protein
MMMOHJOF_00338	CDS	339				hypothetical protein
MMMOHJOF_00339	CDS	879	ddl	6.3.2.4		D-alanine--D-alanine ligase
MMMOHJOF_00340	CDS	279				hypothetical protein
MMMOHJOF_00341	CDS	936				hypothetical protein
MMMOHJOF_00342	CDS	696				hypothetical protein
MMMOHJOF_00343	CDS	630				hypothetical protein
MMMOHJOF_00344	CDS	906	liuE	4.1.3.26	COG0119	3-hydroxy-3-isohexenylglutaryl-CoA/hydroxy-methylglutaryl-CoA lyase
MMMOHJOF_00345	CDS	2025	accA1		COG4770	Acetyl-/propionyl-coenzyme A carboxylase alpha chain
MMMOHJOF_00346	CDS	798	dpgD	4.2.1.17		Enoyl-CoA-hydratase
MMMOHJOF_00347	CDS	1608		2.1.3.1	COG4799	Methylmalonyl-CoA carboxyltransferase 12S subunit
MMMOHJOF_00348	CDS	1182	thlA	2.3.1.9	COG0183	Acetyl-CoA acetyltransferase
MMMOHJOF_00349	CDS	1161	mmgC	1.3.99.-	COG1960	Acyl-CoA dehydrogenase
MMMOHJOF_00350	CDS	324				hypothetical protein
MMMOHJOF_00351	CDS	1203	hemY		COG3071	Protein HemY
MMMOHJOF_00352	CDS	1227			COG1373	putative protein
MMMOHJOF_00353	CDS	807	nagAa	1.18.1.7		Naphthalene 1,2-dioxygenase/salicylate 5-hydroxylase systems, ferredoxin--NAD(P)(+), reductase component
MMMOHJOF_00354	CDS	1320	macA		COG0845	Macrolide export protein MacA
MMMOHJOF_00355	CDS	912				hypothetical protein
MMMOHJOF_00356	CDS	1458				hypothetical protein
MMMOHJOF_00357	CDS	915	oxyR			Hydrogen peroxide-inducible genes activator
MMMOHJOF_00358	CDS	198				hypothetical protein
MMMOHJOF_00359	CDS	1182				hypothetical protein
MMMOHJOF_00360	CDS	1719	maeA	1.1.1.38	COG0281	putative NAD-dependent malic enzyme 2
MMMOHJOF_00361	CDS	387				hypothetical protein
MMMOHJOF_00362	CDS	1176	nhaG			Na(+)/H(+) antiporter NhaG
MMMOHJOF_00363	CDS	582				hypothetical protein
MMMOHJOF_00364	CDS	1317	glpC		COG0247	Anaerobic glycerol-3-phosphate dehydrogenase subunit C
MMMOHJOF_00365	CDS	420	rbr		COG1592	Rubrerythrin
MMMOHJOF_00366	tRNA	76				tRNA-Lys(ttt)
MMMOHJOF_00367	CDS	888				ISL3 family transposase ISLpn11
MMMOHJOF_00368	CDS	987	srkA	2.7.11.1		Stress response kinase A
MMMOHJOF_00369	CDS	1551	bicA		COG0659	Bicarbonate transporter BicA
MMMOHJOF_00370	CDS	183				hypothetical protein
MMMOHJOF_00371	CDS	585				hypothetical protein
MMMOHJOF_00372	CDS	882				hypothetical protein
MMMOHJOF_00373	CDS	1377	stp			Multidrug resistance protein Stp
MMMOHJOF_00374	CDS	699				hypothetical protein
MMMOHJOF_00375	CDS	1050				hypothetical protein
MMMOHJOF_00376	CDS	309				hypothetical protein
MMMOHJOF_00377	CDS	378	rplQ		COG0203	50S ribosomal protein L17
MMMOHJOF_00378	CDS	1011	rpoA	2.7.7.6	COG0202	DNA-directed RNA polymerase subunit alpha
MMMOHJOF_00379	CDS	633	rpsD		COG0522	30S ribosomal protein S4
MMMOHJOF_00380	CDS	411	rpsK		COG0100	30S ribosomal protein S11
MMMOHJOF_00381	CDS	363	rpsM		COG0099	30S ribosomal protein S13
MMMOHJOF_00382	CDS	1326	secY		COG0201	Protein translocase subunit SecY
MMMOHJOF_00383	CDS	435	rplO		COG0200	50S ribosomal protein L15
MMMOHJOF_00384	CDS	180	rpmD		COG1841	50S ribosomal protein L30
MMMOHJOF_00385	CDS	504	rpsE		COG0098	30S ribosomal protein S5
MMMOHJOF_00386	CDS	588	purK	6.3.4.18	COG0026	N5-carboxyaminoimidazole ribonucleotide synthase
MMMOHJOF_00387	CDS	318				hypothetical protein
MMMOHJOF_00388	CDS	654				hypothetical protein
MMMOHJOF_00389	CDS	1407	merA	1.16.1.1		Mercuric reductase
MMMOHJOF_00390	CDS	738	rsmJ	2.1.1.242		Ribosomal RNA small subunit methyltransferase J
MMMOHJOF_00391	CDS	549				hypothetical protein
MMMOHJOF_00392	CDS	996				hypothetical protein
MMMOHJOF_00393	CDS	165	dosP	3.1.4.52	COG2199	Oxygen sensor protein DosP
MMMOHJOF_00394	CDS	750	ubiE	2.1.1.163	COG2226	Ubiquinone/menaquinone biosynthesis C-methyltransferase UbiE
MMMOHJOF_00395	CDS	294				hypothetical protein
MMMOHJOF_00396	CDS	1332	hslU		COG1220	ATP-dependent protease ATPase subunit HslU
MMMOHJOF_00397	CDS	543	hslV	3.4.25.2	COG5405	ATP-dependent protease subunit HslV
MMMOHJOF_00398	CDS	603	ftsN			Cell division protein FtsN
MMMOHJOF_00399	CDS	1767	argS	6.1.1.19		Arginine--tRNA ligase
MMMOHJOF_00400	CDS	987	yrbG		COG0530	Inner membrane protein YrbG
MMMOHJOF_00401	CDS	387				hypothetical protein
MMMOHJOF_00402	CDS	765		1.-.-.-	COG1028	putative oxidoreductase
MMMOHJOF_00403	CDS	1254				hypothetical protein
MMMOHJOF_00404	CDS	723				hypothetical protein
MMMOHJOF_00405	CDS	1224	ufaA1	2.1.1.-	COG2230	Tuberculostearic acid methyltransferase UfaA1
MMMOHJOF_00406	CDS	519				hypothetical protein
MMMOHJOF_00407	CDS	939			COG0715	Putative thiamine biosynthesis protein
MMMOHJOF_00408	CDS	738	ribX			Riboflavin transport system permease protein RibX
MMMOHJOF_00409	CDS	525	ssuB	3.6.3.-	COG1116	Aliphatic sulfonates import ATP-binding protein SsuB
MMMOHJOF_00410	CDS	1359	ribZ			Riboflavin transporter RibZ
MMMOHJOF_00411	CDS	441				hypothetical protein
MMMOHJOF_00412	CDS	597				hypothetical protein
MMMOHJOF_00413	CDS	1086	recF		COG1195	DNA replication and repair protein RecF
MMMOHJOF_00414	CDS	1104	dnaN		COG0592	Beta sliding clamp
MMMOHJOF_00415	CDS	1425	dnaA		COG0593	Chromosomal replication initiator protein DnaA
MMMOHJOF_00416	CDS	636	estB	3.1.1.1	COG0400	Carboxylesterase 2
MMMOHJOF_00417	CDS	1098				hypothetical protein
MMMOHJOF_00418	CDS	492				hypothetical protein
MMMOHJOF_00419	CDS	450	aroQ	4.2.1.10	COG0757	3-dehydroquinate dehydratase
MMMOHJOF_00420	CDS	453	accB		COG0511	Biotin carboxyl carrier protein of acetyl-CoA carboxylase
MMMOHJOF_00421	CDS	1344	accC	6.3.4.14	COG0439	Biotin carboxylase
MMMOHJOF_00422	CDS	876	prmA	2.1.1.-	COG2264	Ribosomal protein L11 methyltransferase
MMMOHJOF_00423	CDS	645			COG1974	putative HTH-type transcriptional regulator
MMMOHJOF_00424	CDS	522				hypothetical protein
MMMOHJOF_00425	CDS	801	cysQ	3.1.3.7	COG1218	3'(2'),5'-bisphosphate nucleotidase CysQ
MMMOHJOF_00426	CDS	588	nudE	3.6.1.-	COG0494	ADP compounds hydrolase NudE
MMMOHJOF_00427	CDS	528	ubiC	4.1.3.40		Chorismate pyruvate-lyase
MMMOHJOF_00428	CDS	1146	hemW		COG0635	Heme chaperone HemW
MMMOHJOF_00429	CDS	1221				hypothetical protein
MMMOHJOF_00430	CDS	1071				hypothetical protein
MMMOHJOF_00431	CDS	990	gpsA	1.1.1.94	COG0240	Glycerol-3-phosphate dehydrogenase [NAD(P)+]
MMMOHJOF_00432	CDS	468	secB		COG1952	Protein-export protein SecB
MMMOHJOF_00433	CDS	252	grxC		COG0695	Glutaredoxin 3
MMMOHJOF_00434	CDS	420	yibN		COG0607	putative protein YibN
MMMOHJOF_00435	CDS	978	dppB		COG0601	Dipeptide transport system permease protein DppB
MMMOHJOF_00436	CDS	2187				hypothetical protein
MMMOHJOF_00437	CDS	1125	rlmN	2.1.1.192	COG0820	Dual-specificity RNA methyltransferase RlmN
MMMOHJOF_00438	CDS	426	ndk	2.7.4.6		Nucleoside diphosphate kinase
MMMOHJOF_00439	CDS	654				hypothetical protein
MMMOHJOF_00440	CDS	339	iscA		COG0316	Iron-binding protein IscA
MMMOHJOF_00441	CDS	714	trmJ	2.1.1.200	COG0565	tRNA (cytidine/uridine-2'-O-)-methyltransferase TrmJ
MMMOHJOF_00442	CDS	777	suhB	3.1.3.25	COG0483	Inositol-1-monophosphatase
MMMOHJOF_00443	CDS	471				hypothetical protein
MMMOHJOF_00444	CDS	501				hypothetical protein
MMMOHJOF_00445	CDS	924	esiB			Secretory immunoglobulin A-binding protein EsiB
MMMOHJOF_00446	CDS	336				hypothetical protein
MMMOHJOF_00447	CDS	528				hypothetical protein
MMMOHJOF_00448	CDS	501	proX		COG3760	Prolyl-tRNA editing protein ProX
MMMOHJOF_00449	CDS	2037	prlC	3.4.24.70	COG0339	Oligopeptidase A
MMMOHJOF_00450	CDS	537	yrdA		COG0663	Protein YrdA
MMMOHJOF_00451	CDS	2154	priA	3.6.4.-	COG1198	Primosomal protein N'
MMMOHJOF_00452	CDS	831				hypothetical protein
MMMOHJOF_00453	CDS	1128	acdA_2	1.3.99.-	COG1960	Acyl-CoA dehydrogenase
MMMOHJOF_00454	CDS	792	crt	4.2.1.150	COG1024	Short-chain-enoyl-CoA hydratase
MMMOHJOF_00455	CDS	3003				hypothetical protein
MMMOHJOF_00456	CDS	2841				hypothetical protein
MMMOHJOF_00457	CDS	1770	tama		COG0729	Translocation and assembly module subunit TamA
MMMOHJOF_00458	CDS	489				hypothetical protein
MMMOHJOF_00459	CDS	891		3.4.11.-	COG3191	putative aminopeptidase
MMMOHJOF_00460	CDS	267	crh		COG1925	HPr-like protein Crh
MMMOHJOF_00461	CDS	393				hypothetical protein
MMMOHJOF_00462	CDS	843	rapZ		COG1660	RNase adapter protein RapZ
MMMOHJOF_00463	CDS	549	hprK	2.7.11.-	COG1493	HPr kinase/phosphorylase
MMMOHJOF_00464	CDS	456	ptsN		COG1762	Nitrogen regulatory protein
MMMOHJOF_00465	CDS	288	hpf		COG1544	Ribosome hibernation promoting factor
MMMOHJOF_00466	CDS	408	rpoN		COG1508	RNA polymerase sigma-54 factor
MMMOHJOF_00467	CDS	180				hypothetical protein
MMMOHJOF_00468	CDS	1269				hypothetical protein
MMMOHJOF_00469	CDS	744		2.4.2.44	COG0005	S-methyl-5'-thioinosine phosphorylase
MMMOHJOF_00470	CDS	567	hpt	2.4.2.8		Hypoxanthine-guanine phosphoribosyltransferase
MMMOHJOF_00471	CDS	1116				hypothetical protein
MMMOHJOF_00472	CDS	1026	nagZ	3.2.1.52	COG1472	Beta-hexosaminidase
MMMOHJOF_00473	CDS	249				hypothetical protein
MMMOHJOF_00474	CDS	507				hypothetical protein
MMMOHJOF_00475	CDS	717	purC	6.3.2.6	COG0152	Phosphoribosylaminoimidazole-succinocarboxamide synthase
MMMOHJOF_00476	CDS	282				hypothetical protein
MMMOHJOF_00477	CDS	765				queuosine precursor transporter
MMMOHJOF_00478	CDS	297				hypothetical protein
MMMOHJOF_00479	CDS	684				hypothetical protein
MMMOHJOF_00480	CDS	408				hypothetical protein
MMMOHJOF_00481	CDS	1320				hypothetical protein
MMMOHJOF_00482	CDS	1542	pckA	4.1.1.49	COG1866	Phosphoenolpyruvate carboxykinase (ATP)
MMMOHJOF_00483	CDS	804				hypothetical protein
MMMOHJOF_00484	CDS	303				hypothetical protein
MMMOHJOF_00485	CDS	408				hypothetical protein
MMMOHJOF_00486	CDS	2853				hypothetical protein
MMMOHJOF_00487	CDS	1374	purB	4.3.2.2	COG0015	Adenylosuccinate lyase
MMMOHJOF_00488	CDS	1029	ltaE	4.1.2.48		Low specificity L-threonine aldolase
MMMOHJOF_00489	CDS	855				hypothetical protein
MMMOHJOF_00490	CDS	1077	aroB	4.2.3.4	COG0337	3-dehydroquinate synthase
MMMOHJOF_00491	CDS	531	aroK_1	2.7.1.71	COG0703	Shikimate kinase 1
MMMOHJOF_00492	CDS	2082	sctC			Type 3 secretion system secretin
MMMOHJOF_00493	CDS	1416	dtpD_1		COG3104	Dipeptide permease D
MMMOHJOF_00494	CDS	744				hypothetical protein
MMMOHJOF_00495	CDS	648			COG1974	putative HTH-type transcriptional regulator
MMMOHJOF_00496	CDS	633				hypothetical protein
MMMOHJOF_00497	CDS	912	wbgU	5.1.3.7		UDP-N-acetylglucosamine 4-epimerase
MMMOHJOF_00498	CDS	294				hypothetical protein
MMMOHJOF_00499	CDS	417				hypothetical protein
MMMOHJOF_00500	CDS	714	ascD	1.17.1.-		CDP-6-deoxy-L-threo-D-glycero-4-hexulose-3-dehydrase reductase
MMMOHJOF_00501	CDS	1260	rho	3.6.4.-	COG1158	Transcription termination factor Rho
MMMOHJOF_00502	CDS	330	trxA		COG0526	Thioredoxin 1
MMMOHJOF_00503	CDS	357	folB	4.1.2.25	COG1539	Dihydroneopterin aldolase
MMMOHJOF_00504	CDS	417				hypothetical protein
MMMOHJOF_00505	CDS	609	def1	3.5.1.88	COG0242	Peptide deformylase 1
MMMOHJOF_00506	CDS	942	fmt	2.1.2.9	COG0223	Methionyl-tRNA formyltransferase
MMMOHJOF_00507	CDS	1290	rsmB	2.1.1.176	COG0144	Ribosomal RNA small subunit methyltransferase B
MMMOHJOF_00508	CDS	309				hypothetical protein
MMMOHJOF_00509	CDS	207				hypothetical protein
MMMOHJOF_00510	CDS	282				hypothetical protein
MMMOHJOF_00511	CDS	384				hypothetical protein
MMMOHJOF_00512	CDS	480	rclC		COG3059	Inner membrane protein RclC
MMMOHJOF_00513	CDS	1761	mutL		COG0323	DNA mismatch repair protein MutL
MMMOHJOF_00514	CDS	690	mupP	3.1.3.105	COG0546	N-acetylmuramic acid 6-phosphate phosphatase
MMMOHJOF_00515	CDS	705	ubiG	2.1.1.222	COG2227	Ubiquinone biosynthesis O-methyltransferase
MMMOHJOF_00516	CDS	1806	nhaP2			K(+)/H(+) antiporter NhaP2
MMMOHJOF_00517	CDS	2634	gyrA	5.6.2.2	COG0188	DNA gyrase subunit A
MMMOHJOF_00518	CDS	1089	serC	2.6.1.52	COG1932	Phosphoserine aminotransferase
MMMOHJOF_00519	CDS	1266	aroA	2.5.1.19	COG0128	3-phosphoshikimate 1-carboxyvinyltransferase
MMMOHJOF_00520	CDS	801				hypothetical protein
MMMOHJOF_00521	CDS	1971	slt	4.2.2.-	COG0741	Soluble lytic murein transglycosylase
MMMOHJOF_00522	CDS	690				hypothetical protein
MMMOHJOF_00523	CDS	2382				hypothetical protein
MMMOHJOF_00524	CDS	342				hypothetical protein
MMMOHJOF_00525	CDS	264				hypothetical protein
MMMOHJOF_00526	CDS	249				hypothetical protein
MMMOHJOF_00527	CDS	252				hypothetical protein
MMMOHJOF_00528	CDS	1059	corA		COG0598	Cobalt/magnesium transport protein CorA
MMMOHJOF_00529	CDS	489				hypothetical protein
MMMOHJOF_00530	CDS	639	pdxH	1.4.3.5	COG0259	Pyridoxine/pyridoxamine 5'-phosphate oxidase
MMMOHJOF_00531	CDS	1953	arpB		COG0841	Antibiotic efflux pump membrane transporter ArpB
MMMOHJOF_00532	CDS	336				hypothetical protein
MMMOHJOF_00533	CDS	3120				hypothetical protein
MMMOHJOF_00534	CDS	1971	damX_1			Cell division protein DamX
MMMOHJOF_00535	CDS	2289	hlyB		COG2274	Alpha-hemolysin translocation ATP-binding protein HlyB
MMMOHJOF_00536	CDS	1236	prsE			Type I secretion system membrane fusion protein PrsE
MMMOHJOF_00537	CDS	348				hypothetical protein
MMMOHJOF_00538	CDS	1425	opuE		COG0591	Osmoregulated proline transporter OpuE
MMMOHJOF_00539	CDS	1503	nusA		COG0195	Transcription termination/antitermination protein NusA
MMMOHJOF_00540	CDS	462	rimP		COG0779	Ribosome maturation factor RimP
MMMOHJOF_00541	tRNA	72				tRNA-Met(cat)
MMMOHJOF_00542	CDS	675				hypothetical protein
MMMOHJOF_00543	CDS	1674				hypothetical protein
MMMOHJOF_00544	CDS	654				hypothetical protein
MMMOHJOF_00545	CDS	1332	aroH	2.5.1.54	COG3200	Phospho-2-dehydro-3-deoxyheptonate aldolase
MMMOHJOF_00546	CDS	255	hfq		COG1923	RNA-binding protein Hfq
MMMOHJOF_00547	CDS	1254	hflX		COG2262	GTPase HflX
MMMOHJOF_00548	CDS	1224				hypothetical protein
MMMOHJOF_00549	CDS	909	hflC		COG0330	Modulator of FtsH protease HflC
MMMOHJOF_00550	CDS	204				hypothetical protein
MMMOHJOF_00551	CDS	1293	purA	6.3.4.4	COG0104	Adenylosuccinate synthetase
MMMOHJOF_00552	CDS	1161	sasA_1	2.7.-.-		Adaptive-response sensory-kinase SasA
MMMOHJOF_00553	CDS	654				hypothetical protein
MMMOHJOF_00554	CDS	858				hypothetical protein
MMMOHJOF_00555	CDS	657	murU	2.7.7.99	COG1208	N-acetylmuramate alpha-1-phosphate uridylyltransferase
MMMOHJOF_00556	CDS	1008	amgK	2.7.1.221	COG3178	N-acetylmuramate/N-acetylglucosamine kinase
MMMOHJOF_00557	CDS	2787	lptD		COG1452	LPS-assembly protein LptD
MMMOHJOF_00558	CDS	210				hypothetical protein
MMMOHJOF_00559	CDS	1653			COG1132	putative ABC transporter ATP-binding/permease protein
MMMOHJOF_00560	CDS	1668	cydD		COG4988	ATP-binding/permease protein CydD
MMMOHJOF_00561	CDS	1170	cydB	7.1.1.7	COG1294	Cytochrome bd-I ubiquinol oxidase subunit 2
MMMOHJOF_00562	CDS	1557	cydA	1.10.3.-	COG1271	Cytochrome bd ubiquinol oxidase subunit 1
MMMOHJOF_00563	CDS	642	inhA	4.2.1.103		Isonitrile hydratase
MMMOHJOF_00564	CDS	744				hypothetical protein
MMMOHJOF_00565	CDS	636				hypothetical protein
MMMOHJOF_00566	CDS	792				hypothetical protein
MMMOHJOF_00567	CDS	621	rhtC_1		COG1280	Threonine efflux protein
MMMOHJOF_00568	CDS	294				hypothetical protein
MMMOHJOF_00569	CDS	405				hypothetical protein
MMMOHJOF_00570	CDS	621	rhtC_2		COG1280	Threonine efflux protein
MMMOHJOF_00571	CDS	654	argO		COG1279	Arginine exporter protein ArgO
MMMOHJOF_00572	CDS	552				hypothetical protein
MMMOHJOF_00573	CDS	1122				hypothetical protein
MMMOHJOF_00574	CDS	489	smg			Protein Smg
MMMOHJOF_00575	CDS	2316	topA	5.6.2.1		DNA topoisomerase 1
MMMOHJOF_00576	CDS	498	purE_1	5.4.99.18	COG0041	N5-carboxyaminoimidazole ribonucleotide mutase
MMMOHJOF_00577	CDS	564	tsaC	2.7.7.87	COG0009	Threonylcarbamoyl-AMP synthase
MMMOHJOF_00578	CDS	501				hypothetical protein
MMMOHJOF_00579	tRNA	77				tRNA-Met(cat)
MMMOHJOF_00580	CDS	975				hypothetical protein
MMMOHJOF_00581	CDS	165				hypothetical protein
MMMOHJOF_00582	CDS	1113				hypothetical protein
MMMOHJOF_00583	CDS	804				hypothetical protein
MMMOHJOF_00584	CDS	1251	tilS	6.3.4.19	COG0037	tRNA(Ile)-lysidine synthase
MMMOHJOF_00585	CDS	942	accA	2.1.3.15	COG0825	Acetyl-coenzyme A carboxylase carboxyl transferase subunit alpha
MMMOHJOF_00586	CDS	1308	sasA_2	2.7.-.-		Adaptive-response sensory-kinase SasA
MMMOHJOF_00587	CDS	717	ompR_1			Transcriptional regulatory protein OmpR
MMMOHJOF_00588	CDS	321				hypothetical protein
MMMOHJOF_00589	CDS	1545	arnT_1	2.4.2.43		Undecaprenyl phosphate-alpha-4-amino-4-deoxy-L-arabinose arabinosyl transferase
MMMOHJOF_00590	CDS	651	rpiA	5.3.1.6	COG0120	Ribose-5-phosphate isomerase A
MMMOHJOF_00591	CDS	561	rsmD	2.1.1.171	COG0742	Ribosomal RNA small subunit methyltransferase D
MMMOHJOF_00592	CDS	1356				hypothetical protein
MMMOHJOF_00593	CDS	1401		3.4.24.-	COG0612	putative zinc protease
MMMOHJOF_00594	CDS	1041	ftsY		COG0552	Signal recognition particle receptor FtsY
MMMOHJOF_00595	CDS	699	ftsE		COG2884	Cell division ATP-binding protein FtsE
MMMOHJOF_00596	CDS	945	ftsX		COG2177	Cell division protein FtsX
MMMOHJOF_00597	CDS	579				hypothetical protein
MMMOHJOF_00598	CDS	1023	htpX	3.4.24.-		Protease HtpX
MMMOHJOF_00599	CDS	2001	tktA	2.2.1.1	COG0021	Transketolase 1
MMMOHJOF_00600	CDS	1011	gap1	1.2.1.12	COG0057	Glyceraldehyde-3-phosphate dehydrogenase 1
MMMOHJOF_00601	CDS	1176	pgk	2.7.2.3	COG0126	Phosphoglycerate kinase
MMMOHJOF_00602	CDS	1440	pykA	2.7.1.40	COG0469	Pyruvate kinase II
MMMOHJOF_00603	CDS	1131				hypothetical protein
MMMOHJOF_00604	CDS	2370				hypothetical protein
MMMOHJOF_00605	CDS	1041	epmA	6.3.1.-	COG2269	Elongation factor P--(R)-beta-lysine ligase
MMMOHJOF_00606	CDS	2223				hypothetical protein
MMMOHJOF_00607	CDS	1023				hypothetical protein
MMMOHJOF_00608	CDS	1026				hypothetical protein
MMMOHJOF_00609	CDS	324				hypothetical protein
MMMOHJOF_00610	CDS	258				hypothetical protein
MMMOHJOF_00611	CDS	1389	ompP1			Outer membrane protein P1
MMMOHJOF_00612	CDS	1374				hypothetical protein
MMMOHJOF_00613	CDS	768				hypothetical protein
MMMOHJOF_00614	CDS	900				hypothetical protein
MMMOHJOF_00615	CDS	1155				hypothetical protein
MMMOHJOF_00616	CDS	1290				hypothetical protein
MMMOHJOF_00617	CDS	1461	gcvPB	1.4.4.2		putative glycine dehydrogenase (decarboxylating) subunit 2
MMMOHJOF_00618	CDS	1407	gcvPA	1.4.4.2	COG0403	putative glycine dehydrogenase (decarboxylating) subunit 1
MMMOHJOF_00619	CDS	390	gcvH		COG0509	Glycine cleavage system H protein
MMMOHJOF_00620	CDS	2898				hypothetical protein
MMMOHJOF_00621	CDS	222				hypothetical protein
MMMOHJOF_00622	CDS	537				hypothetical protein
MMMOHJOF_00623	CDS	942	uup		COG0488	ABC transporter ATP-binding protein uup
MMMOHJOF_00624	CDS	192	purN	2.1.2.2	COG0299	Phosphoribosylglycinamide formyltransferase
MMMOHJOF_00625	CDS	816	hcaB	1.3.1.87		3-phenylpropionate-dihydrodiol/cinnamic acid-dihydrodiol dehydrogenase
MMMOHJOF_00626	CDS	300	ihfB		COG0776	Integration host factor subunit beta
MMMOHJOF_00627	CDS	1401	fumC	4.2.1.2	COG0114	Fumarate hydratase class II
MMMOHJOF_00628	CDS	996				hypothetical protein
MMMOHJOF_00629	CDS	564				hypothetical protein
MMMOHJOF_00630	CDS	825				hypothetical protein
MMMOHJOF_00631	CDS	1284				hypothetical protein
MMMOHJOF_00632	CDS	861				hypothetical protein
MMMOHJOF_00633	CDS	1674	ettA		COG0488	Energy-dependent translational throttle protein EttA
MMMOHJOF_00634	tRNA	85				tRNA-Leu(tag)
MMMOHJOF_00635	tRNA	77				tRNA-Pro(tgg)
MMMOHJOF_00636	tRNA	77				tRNA-Arg(tct)
MMMOHJOF_00637	tRNA	76				tRNA-His(gtg)
MMMOHJOF_00638	CDS	870	folD		COG0190	Bifunctional protein FolD protein
MMMOHJOF_00639	CDS	642				hypothetical protein
MMMOHJOF_00640	CDS	936				hypothetical protein
MMMOHJOF_00641	CDS	192				hypothetical protein
MMMOHJOF_00642	CDS	465	bfr	1.16.3.1	COG2193	Bacterioferritin
MMMOHJOF_00643	CDS	309	grxD		COG0278	Glutaredoxin 4
MMMOHJOF_00644	CDS	582	sodB	1.15.1.1	COG0605	Superoxide dismutase [Fe]
MMMOHJOF_00645	CDS	1170	argD	2.6.1.11	COG4992	Acetylornithine aminotransferase
MMMOHJOF_00646	CDS	390		3.1.2.-	COG1607	putative acyl-CoA thioester hydrolase
MMMOHJOF_00647	CDS	402				hypothetical protein
MMMOHJOF_00648	CDS	2580				hypothetical protein
MMMOHJOF_00649	CDS	732	pal_1			Peptidoglycan-associated lipoprotein
MMMOHJOF_00650	CDS	453				hypothetical protein
MMMOHJOF_00651	CDS	339	yajC		COG1862	Sec translocon accessory complex subunit YajC
MMMOHJOF_00652	CDS	1857	secD		COG0342	Protein translocase subunit SecD
MMMOHJOF_00653	CDS	762				hypothetical protein
MMMOHJOF_00654	CDS	798	mtnN_1	3.2.2.9		5'-methylthioadenosine/S-adenosylhomocysteine nucleosidase
MMMOHJOF_00655	CDS	855				hypothetical protein
MMMOHJOF_00656	CDS	198				hypothetical protein
MMMOHJOF_00657	CDS	708				hypothetical protein
MMMOHJOF_00658	CDS	1536				hypothetical protein
MMMOHJOF_00659	CDS	582				hypothetical protein
MMMOHJOF_00660	CDS	570	yxaF			putative HTH-type transcriptional regulator YxaF
MMMOHJOF_00661	CDS	549				hypothetical protein
MMMOHJOF_00662	CDS	1716	rcsC_3	2.7.13.3		Sensor histidine kinase RcsC
MMMOHJOF_00663	CDS	537				hypothetical protein
MMMOHJOF_00664	CDS	771				hypothetical protein
MMMOHJOF_00665	CDS	207				hypothetical protein
MMMOHJOF_00666	CDS	975				hypothetical protein
MMMOHJOF_00667	CDS	1020	lpxK	2.7.1.130	COG1663	Tetraacyldisaccharide 4'-kinase
MMMOHJOF_00668	CDS	1806	msbA	7.5.2.6	COG1132	Lipid A export ATP-binding/permease protein MsbA
MMMOHJOF_00669	CDS	1989	comEC		COG0658	ComE operon protein 3
MMMOHJOF_00670	CDS	753				hypothetical protein
MMMOHJOF_00671	CDS	2454				hypothetical protein
MMMOHJOF_00672	CDS	486	xerC_1			Tyrosine recombinase XerC
MMMOHJOF_00673	CDS	462				hypothetical protein
MMMOHJOF_00674	CDS	459				hypothetical protein
MMMOHJOF_00675	CDS	219				hypothetical protein
MMMOHJOF_00676	CDS	798	rsmA	2.1.1.182	COG0030	Ribosomal RNA small subunit methyltransferase A
MMMOHJOF_00677	CDS	498	dsbB_1			Disulfide bond formation protein B
MMMOHJOF_00678	CDS	666				hypothetical protein
MMMOHJOF_00679	CDS	771	xthA	3.1.11.2	COG0708	Exodeoxyribonuclease III
MMMOHJOF_00680	CDS	222	rpmE		COG0254	50S ribosomal protein L31
MMMOHJOF_00681	CDS	1353				hypothetical protein
MMMOHJOF_00682	CDS	1296	rlmL		COG0116	Ribosomal RNA large subunit methyltransferase K/L
MMMOHJOF_00683	CDS	1293				hypothetical protein
MMMOHJOF_00684	CDS	945	gshB	6.3.2.3	COG0189	Glutathione synthetase
MMMOHJOF_00685	CDS	681	rpe	5.1.3.1	COG0036	Ribulose-phosphate 3-epimerase
MMMOHJOF_00686	CDS	1242	trpE	4.1.3.27	COG0147	Anthranilate synthase component 1
MMMOHJOF_00687	CDS	717				hypothetical protein
MMMOHJOF_00688	CDS	624				hypothetical protein
MMMOHJOF_00689	CDS	951	ctaA	1.3.-.-	COG1612	Heme A synthase
MMMOHJOF_00690	CDS	1878	bepA_2	3.4.-.-		Beta-barrel assembly-enhancing protease
MMMOHJOF_00691	CDS	1875				hypothetical protein
MMMOHJOF_00692	CDS	465				hypothetical protein
MMMOHJOF_00693	CDS	474				hypothetical protein
MMMOHJOF_00694	CDS	1026	tdh	1.1.1.103	COG1063	L-threonine 3-dehydrogenase
MMMOHJOF_00695	CDS	1191	kbl	2.3.1.29	COG0156	2-amino-3-ketobutyrate coenzyme A ligase
MMMOHJOF_00696	CDS	354				hypothetical protein
MMMOHJOF_00697	CDS	1092	trpS	6.1.1.2	COG0180	Tryptophan--tRNA ligase
MMMOHJOF_00698	CDS	432				hypothetical protein
MMMOHJOF_00699	CDS	1041	pilT_1		COG2805	Twitching mobility protein
MMMOHJOF_00700	CDS	705	yggS		COG0325	Pyridoxal phosphate homeostasis protein
MMMOHJOF_00701	CDS	840	proC	1.5.1.2	COG0345	Pyrroline-5-carboxylate reductase
MMMOHJOF_00702	CDS	579				hypothetical protein
MMMOHJOF_00703	CDS	594	rdgB	3.6.1.66	COG0127	dITP/XTP pyrophosphatase
MMMOHJOF_00704	CDS	2577	pepN	3.4.11.2	COG0308	Aminopeptidase N
MMMOHJOF_00705	CDS	879		2.5.1.10		Farnesyl diphosphate synthase
MMMOHJOF_00706	CDS	255	xseB	3.1.11.6	COG1722	Exodeoxyribonuclease 7 small subunit
MMMOHJOF_00707	CDS	1428				hypothetical protein
MMMOHJOF_00708	CDS	945	dusB	1.3.1.-	COG0042	tRNA-dihydrouridine synthase B
MMMOHJOF_00709	CDS	384				hypothetical protein
MMMOHJOF_00710	CDS	321				hypothetical protein
MMMOHJOF_00711	CDS	525				hypothetical protein
MMMOHJOF_00712	CDS	669				hypothetical protein
MMMOHJOF_00713	CDS	828	fabG_1	1.1.1.100		3-oxoacyl-[acyl-carrier-protein] reductase FabG
MMMOHJOF_00714	CDS	1098	mii	5.3.3.6		3-methylitaconate isomerase
MMMOHJOF_00715	CDS	900	ctaE	1.9.3.1	COG1845	Cytochrome c oxidase subunit 3
MMMOHJOF_00716	CDS	552	ctaG		COG3175	Cytochrome c oxidase assembly protein CtaG
MMMOHJOF_00717	CDS	1572	ctaD	1.9.3.1		Cytochrome c oxidase subunit 1
MMMOHJOF_00718	CDS	1449	petJ			Cytochrome c6
MMMOHJOF_00719	CDS	2196	relA	2.7.6.5	COG0317	GTP pyrophosphokinase
MMMOHJOF_00720	CDS	177				hypothetical protein
MMMOHJOF_00721	CDS	897	cmpR			HTH-type transcriptional activator CmpR
MMMOHJOF_00722	CDS	939	fabD	2.3.1.39	COG0331	Malonyl CoA-acyl carrier protein transacylase
MMMOHJOF_00723	CDS	963	fabH	2.3.1.180	COG0332	3-oxoacyl-[acyl-carrier-protein] synthase 3
MMMOHJOF_00724	CDS	1035	plsX	2.3.1.274	COG0416	Phosphate acyltransferase
MMMOHJOF_00725	CDS	198	rpmF		COG0333	50S ribosomal protein L32
MMMOHJOF_00726	CDS	591	yceF	3.6.1.-	COG0424	7-methyl-GTP pyrophosphatase
MMMOHJOF_00727	CDS	990	rluC	5.4.99.24	COG0564	Ribosomal large subunit pseudouridine synthase C
MMMOHJOF_00728	CDS	2511	rne	3.1.26.12		Ribonuclease E
MMMOHJOF_00729	CDS	642	ompA_1			Outer membrane protein A
MMMOHJOF_00730	CDS	465	trmL	2.1.1.207	COG0219	tRNA (cytidine(34)-2'-O)-methyltransferase
MMMOHJOF_00731	CDS	717	COQ5_2	2.1.1.163		2-methoxy-6-polyprenyl-1,4-benzoquinol methylase, mitochondrial
MMMOHJOF_00732	CDS	327				queuosine precursor transporter
MMMOHJOF_00733	CDS	3144	putA		COG0506	Bifunctional protein PutA
MMMOHJOF_00734	CDS	1386	yhdG		COG0531	putative amino acid permease YhdG
MMMOHJOF_00735	CDS	774				hypothetical protein
MMMOHJOF_00736	CDS	1176	pdhC	2.3.1.12	COG0508	Dihydrolipoyllysine-residue acetyltransferase component of pyruvate dehydrogenase complex
MMMOHJOF_00737	CDS	978	pdhB	1.2.4.1	COG0022	Pyruvate dehydrogenase E1 component subunit beta
MMMOHJOF_00738	CDS	1074	pdhA	1.2.4.1		Pyruvate dehydrogenase E1 component subunit alpha
MMMOHJOF_00739	CDS	1071	ldh	1.4.1.9		Leucine dehydrogenase
MMMOHJOF_00740	CDS	189				hypothetical protein
MMMOHJOF_00741	CDS	375				hypothetical protein
MMMOHJOF_00742	CDS	111				hypothetical protein
MMMOHJOF_00743	CDS	864				hypothetical protein
MMMOHJOF_00744	CDS	216				hypothetical protein
MMMOHJOF_00745	CDS	444				hypothetical protein
MMMOHJOF_00746	CDS	234				hypothetical protein
MMMOHJOF_00747	CDS	1092	xerC_2			Tyrosine recombinase XerC
MMMOHJOF_00748	CDS	1404				hypothetical protein
MMMOHJOF_00749	CDS	1005	fda	4.1.2.13		Fructose-bisphosphate aldolase class 1
MMMOHJOF_00750	CDS	732	cysZ		COG2981	Sulfate transporter CysZ
MMMOHJOF_00751	CDS	3534	smc		COG1196	Chromosome partition protein Smc
MMMOHJOF_00752	CDS	780	zipA			Cell division protein ZipA
MMMOHJOF_00753	CDS	2022	ligA	6.5.1.2	COG0272	DNA ligase
MMMOHJOF_00754	CDS	732				hypothetical protein
MMMOHJOF_00755	CDS	576	yecD	3.-.-.-	COG1335	Isochorismatase family protein YecD
MMMOHJOF_00756	CDS	552				hypothetical protein
MMMOHJOF_00757	CDS	987				hypothetical protein
MMMOHJOF_00758	CDS	183				hypothetical protein
MMMOHJOF_00759	CDS	1620	nadE	6.3.5.1	COG0171	Glutamine-dependent NAD(+) synthetase
MMMOHJOF_00760	CDS	1056				hypothetical protein
MMMOHJOF_00761	CDS	2727	barA	2.7.13.3	COG0784	Signal transduction histidine-protein kinase BarA
MMMOHJOF_00762	CDS	1353				hypothetical protein
MMMOHJOF_00763	CDS	351				hypothetical protein
MMMOHJOF_00764	CDS	1359	rseP	3.4.24.-	COG0750	Regulator of sigma-E protease RseP
MMMOHJOF_00765	CDS	798	cdsA	2.7.7.41	COG0575	Phosphatidate cytidylyltransferase
MMMOHJOF_00766	CDS	726	ispU	2.5.1.31	COG0020	Ditrans,polycis-undecaprenyl-diphosphate synthase ((2E,6E)-farnesyl-diphosphate specific)
MMMOHJOF_00767	CDS	558	frr		COG0233	Ribosome-recycling factor
MMMOHJOF_00768	CDS	735	pyrH	2.7.4.22	COG0528	Uridylate kinase
MMMOHJOF_00769	CDS	873	tsf		COG0264	Elongation factor Ts
MMMOHJOF_00770	CDS	1173	nhaA		COG3004	Na(+)/H(+) antiporter NhaA
MMMOHJOF_00771	CDS	726	dnaQ	2.7.7.7	COG0847	DNA polymerase III subunit epsilon
MMMOHJOF_00772	CDS	447	rnhA	3.1.26.4	COG0328	Ribonuclease HI
MMMOHJOF_00773	CDS	705				hypothetical protein
MMMOHJOF_00774	CDS	1119				hypothetical protein
MMMOHJOF_00775	CDS	2367				hypothetical protein
MMMOHJOF_00776	CDS	1884	asnB_1	6.3.5.4	COG0367	Asparagine synthetase [glutamine-hydrolyzing] 1
MMMOHJOF_00777	CDS	450	fabZ	4.2.1.59		3-hydroxyacyl-[acyl-carrier-protein] dehydratase FabZ
MMMOHJOF_00778	CDS	771	lpxA	2.3.1.129	COG1043	Acyl-[acyl-carrier-protein]--UDP-N-acetylglucosamine O-acyltransferase
MMMOHJOF_00779	CDS	1179	lpxB	2.4.1.182	COG0763	Lipid-A-disaccharide synthase
MMMOHJOF_00780	CDS	573	rnhB	3.1.26.4	COG0164	Ribonuclease HII
MMMOHJOF_00781	CDS	720				hypothetical protein
MMMOHJOF_00782	CDS	3438	dnaE	2.7.7.7	COG0587	DNA polymerase III subunit alpha
MMMOHJOF_00783	CDS	993				hypothetical protein
MMMOHJOF_00784	CDS	2700				hypothetical protein
MMMOHJOF_00785	CDS	3384	recB	3.1.11.5		RecBCD enzyme subunit RecB
MMMOHJOF_00786	CDS	930				hypothetical protein
MMMOHJOF_00787	CDS	372				hypothetical protein
MMMOHJOF_00788	CDS	1260				hypothetical protein
MMMOHJOF_00789	CDS	1374	pepA_1	3.4.11.10		cytosol aminopeptidase
MMMOHJOF_00790	CDS	1119	ald	1.4.1.1	COG0686	Alanine dehydrogenase
MMMOHJOF_00791	CDS	933	etfA		COG2025	Electron transfer flavoprotein subunit alpha
MMMOHJOF_00792	CDS	753	etfB			Electron transfer flavoprotein subunit beta
MMMOHJOF_00793	CDS	1617		1.5.5.1	COG0644	Electron transfer flavoprotein-ubiquinone oxidoreductase
MMMOHJOF_00794	CDS	477				hypothetical protein
MMMOHJOF_00795	CDS	408	erpA		COG0316	Iron-sulfur cluster insertion protein ErpA
MMMOHJOF_00796	CDS	813				hypothetical protein
MMMOHJOF_00797	CDS	285	anmK_1	2.7.1.170	COG2377	Anhydro-N-acetylmuramic acid kinase
MMMOHJOF_00798	CDS	489	anmK_2	2.7.1.170	COG2377	Anhydro-N-acetylmuramic acid kinase
MMMOHJOF_00799	CDS	2094				hypothetical protein
MMMOHJOF_00800	CDS	1008	tsaD	2.3.1.234	COG0533	tRNA N6-adenosine threonylcarbamoyltransferase
MMMOHJOF_00801	CDS	291				hypothetical protein
MMMOHJOF_00802	CDS	576				putative protein
MMMOHJOF_00803	CDS	771				hypothetical protein
MMMOHJOF_00804	CDS	654				hypothetical protein
MMMOHJOF_00805	CDS	504	dapH	2.3.1.89		2,3,4,5-tetrahydropyridine-2,6-dicarboxylate N-acetyltransferase
MMMOHJOF_00806	CDS	552				hypothetical protein
MMMOHJOF_00807	CDS	1347	mpl	6.3.2.45	COG0773	UDP-N-acetylmuramate--L-alanyl-gamma-D-glutamyl-meso-2,6-diaminoheptandioate ligase
MMMOHJOF_00808	CDS	105				hypothetical protein
MMMOHJOF_00809	CDS	2064				hypothetical protein
MMMOHJOF_00810	CDS	582	lipB	2.3.1.181	COG0321	Octanoyltransferase
MMMOHJOF_00811	CDS	531		2.4.2.-	COG2071	Putative glutamine amidotransferase
MMMOHJOF_00812	CDS	180				hypothetical protein
MMMOHJOF_00813	CDS	873	mscS_1		COG0668	Small-conductance mechanosensitive channel
MMMOHJOF_00814	CDS	612				hypothetical protein
MMMOHJOF_00815	CDS	993	mdh	1.1.1.37	COG0039	Malate dehydrogenase
MMMOHJOF_00816	CDS	600				hypothetical protein
MMMOHJOF_00817	CDS	903				hypothetical protein
MMMOHJOF_00818	CDS	957				hypothetical protein
MMMOHJOF_00819	CDS	990				hypothetical protein
MMMOHJOF_00820	CDS	1908				hypothetical protein
MMMOHJOF_00821	CDS	636	coq7	1.14.99.60	COG2941	3-demethoxyubiquinol 3-hydroxylase
MMMOHJOF_00822	CDS	609	rppH	3.6.1.-	COG0494	RNA pyrophosphohydrolase
MMMOHJOF_00823	CDS	1029				hypothetical protein
MMMOHJOF_00824	CDS	2277	ptsP	2.7.3.9	COG3605	Phosphoenolpyruvate-dependent phosphotransferase system
MMMOHJOF_00825	CDS	828				hypothetical protein
MMMOHJOF_00826	CDS	789	lgt	2.5.1.145	COG0682	Phosphatidylglycerol--prolipoprotein diacylglyceryl transferase
MMMOHJOF_00827	CDS	795	thyA2	2.1.1.45	COG0207	Thymidylate synthase 2
MMMOHJOF_00828	CDS	183				hypothetical protein
MMMOHJOF_00829	CDS	1653	murJ		COG0728	putative lipid II flippase MurJ
MMMOHJOF_00830	CDS	537				hypothetical protein
MMMOHJOF_00831	CDS	1383	der		COG1160	GTPase Der
MMMOHJOF_00832	CDS	1125	bamB		COG1520	Outer membrane protein assembly factor BamB
MMMOHJOF_00833	CDS	654				hypothetical protein
MMMOHJOF_00834	CDS	1290	hisS	6.1.1.21	COG0124	Histidine--tRNA ligase
MMMOHJOF_00835	CDS	777	rodZ			Cytoskeleton protein RodZ
MMMOHJOF_00836	CDS	1068				hypothetical protein
MMMOHJOF_00837	CDS	408	fur		COG0735	Ferric uptake regulation protein
MMMOHJOF_00838	CDS	339	bamE		COG2913	Outer membrane protein assembly factor BamE
MMMOHJOF_00839	CDS	390				hypothetical protein
MMMOHJOF_00840	CDS	1416				hypothetical protein
MMMOHJOF_00841	CDS	1413				hypothetical protein
MMMOHJOF_00842	CDS	495				hypothetical protein
MMMOHJOF_00843	CDS	1233	nhaP_2		COG0025	Na(+)/H(+) antiporter NhaP
MMMOHJOF_00844	CDS	2853	pilY1			Type IV pilus biogenesis factor PilY1
MMMOHJOF_00845	CDS	522				hypothetical protein
MMMOHJOF_00846	CDS	993				hypothetical protein
MMMOHJOF_00847	CDS	474				hypothetical protein
MMMOHJOF_00848	CDS	924	ynhG_2	2.-.-.-	COG1376	putative L,D-transpeptidase YnhG
MMMOHJOF_00849	CDS	420				hypothetical protein
MMMOHJOF_00850	CDS	840				hypothetical protein
MMMOHJOF_00851	CDS	525				hypothetical protein
MMMOHJOF_00852	CDS	822	rsmI	2.1.1.198	COG0313	Ribosomal RNA small subunit methyltransferase I
MMMOHJOF_00853	CDS	915				hypothetical protein
MMMOHJOF_00854	CDS	1890	mnmG		COG0445	tRNA uridine 5-carboxymethylaminomethyl modification enzyme MnmG
MMMOHJOF_00855	CDS	639	rsmG	2.1.1.170	COG0357	Ribosomal RNA small subunit methyltransferase G
MMMOHJOF_00856	CDS	798	parA			Chromosome partitioning protein ParA
MMMOHJOF_00857	CDS	891	parB_2		COG1475	putative chromosome-partitioning protein ParB
MMMOHJOF_00858	CDS	669	rpfG	3.1.4.-	COG3437	Cyclic di-GMP phosphodiesterase response regulator RpfG
MMMOHJOF_00859	CDS	810				hypothetical protein
MMMOHJOF_00860	CDS	1776				hypothetical protein
MMMOHJOF_00861	CDS	1464				hypothetical protein
MMMOHJOF_00862	CDS	1968	spoT	3.1.7.2	COG0317	Guanosine-3',5'-bis(diphosphate) 3'-pyrophosphohydrolase
MMMOHJOF_00863	CDS	399	yabJ	3.5.99.10	COG0251	2-iminobutanoate/2-iminopropanoate deaminase
MMMOHJOF_00864	CDS	981				hypothetical protein
MMMOHJOF_00865	CDS	1887	htpG		COG0326	Chaperone protein HtpG
MMMOHJOF_00866	CDS	1959				hypothetical protein
MMMOHJOF_00867	CDS	693				hypothetical protein
MMMOHJOF_00868	CDS	1008				hypothetical protein
MMMOHJOF_00869	CDS	1050				hypothetical protein
MMMOHJOF_00870	CDS	534	idi	5.3.3.2	COG1443	Isopentenyl-diphosphate Delta-isomerase
MMMOHJOF_00871	CDS	732	benC		COG0543	Benzoate 1,2-dioxygenase electron transfer component
MMMOHJOF_00872	CDS	825	racE	5.1.1.3	COG0796	Glutamate racemase 1
MMMOHJOF_00873	CDS	1086	caiD	4.2.1.149		Carnitinyl-CoA dehydratase
MMMOHJOF_00874	CDS	603	ompA_2			Outer membrane protein A
MMMOHJOF_00875	CDS	693	ompA_3			Outer membrane protein A
MMMOHJOF_00876	CDS	1512				hypothetical protein
MMMOHJOF_00877	CDS	702				hypothetical protein
MMMOHJOF_00878	CDS	1296	hmgA	1.13.11.5	COG3508	Homogentisate 1,2-dioxygenase
MMMOHJOF_00879	CDS	699	ynhG_3	2.-.-.-	COG1376	putative L,D-transpeptidase YnhG
MMMOHJOF_00880	CDS	1164	pncB2	6.3.4.21	COG1488	Nicotinate phosphoribosyltransferase 2
MMMOHJOF_00881	CDS	642	pncA	3.5.1.19	COG1335	Nicotinamidase
MMMOHJOF_00882	CDS	1272				hypothetical protein
MMMOHJOF_00883	CDS	1311	wbpA	1.1.1.136	COG0677	UDP-N-acetyl-D-glucosamine 6-dehydrogenase
MMMOHJOF_00884	CDS	1056	apsD	1.1.1.-		D-apiose dehydrogenase
MMMOHJOF_00885	CDS	585	wbpD	2.3.1.201	COG0110	UDP-2-acetamido-3-amino-2,3-dideoxy-D-glucuronate N-acetyltransferase
MMMOHJOF_00886	CDS	1119	wbpE	2.6.1.98	COG0399	UDP-2-acetamido-2-deoxy-3-oxo-D-glucuronate aminotransferase
MMMOHJOF_00887	CDS	1314				hypothetical protein
MMMOHJOF_00888	CDS	3075	mexB		COG0841	Multidrug resistance protein MexB
MMMOHJOF_00889	CDS	1149	mdtA_1			Multidrug resistance protein MdtA
MMMOHJOF_00890	CDS	1497	oprM		COG1538	Outer membrane protein OprM
MMMOHJOF_00891	CDS	1029	mdtN		COG1566	Multidrug resistance protein MdtN
MMMOHJOF_00892	CDS	1521	farB			Fatty acid resistance protein FarB
MMMOHJOF_00893	CDS	1194	craA			Chloramphenicol resistance protein CraA
MMMOHJOF_00894	CDS	486	pgpA	3.1.3.27	COG1267	Phosphatidylglycerophosphatase A
MMMOHJOF_00895	CDS	429	nusB		COG0781	Transcription antitermination protein NusB
MMMOHJOF_00896	CDS	462	nrdR		COG1327	Transcriptional repressor NrdR
MMMOHJOF_00897	CDS	1263	glyA	2.1.2.1	COG0112	Serine hydroxymethyltransferase
MMMOHJOF_00898	CDS	681	rutD	3.5.1.-		Putative aminoacrylate hydrolase RutD
MMMOHJOF_00899	CDS	867				hypothetical protein
MMMOHJOF_00900	CDS	990				hypothetical protein
MMMOHJOF_00901	CDS	843	corC		COG4535	Magnesium and cobalt efflux protein CorC
MMMOHJOF_00902	CDS	447	ybeY	3.1.-.-	COG0319	Endoribonuclease YbeY
MMMOHJOF_00903	CDS	990	ybeZ		COG1702	PhoH-like protein
MMMOHJOF_00904	CDS	1326	miaB	2.8.4.3	COG0621	tRNA-2-methylthio-N(6)-dimethylallyladenosine synthase
MMMOHJOF_00905	CDS	1236	fabF	2.3.1.179	COG0304	3-oxoacyl-[acyl-carrier-protein] synthase 2
MMMOHJOF_00906	CDS	243	acpP			Acyl carrier protein
MMMOHJOF_00907	CDS	174	fabG_2	1.1.1.100		3-oxoacyl-[acyl-carrier-protein] reductase FabG
MMMOHJOF_00908	CDS	783				hypothetical protein
MMMOHJOF_00909	CDS	1398	gadC_1		COG0531	putative glutamate/gamma-aminobutyrate antiporter
MMMOHJOF_00910	CDS	1047				hypothetical protein
MMMOHJOF_00911	CDS	681	mtnN_2	3.2.2.9		5'-methylthioadenosine/S-adenosylhomocysteine nucleosidase
MMMOHJOF_00912	CDS	789				hypothetical protein
MMMOHJOF_00913	CDS	468				hypothetical protein
MMMOHJOF_00914	CDS	1353		1.14.-.-		Putative cytochrome P450 132
MMMOHJOF_00915	CDS	660	yiaD		COG2885	putative lipoprotein YiaD
MMMOHJOF_00916	CDS	798				hypothetical protein
MMMOHJOF_00917	CDS	600				hypothetical protein
MMMOHJOF_00918	CDS	1263				hypothetical protein
MMMOHJOF_00919	CDS	1461				hypothetical protein
MMMOHJOF_00920	CDS	1095				hypothetical protein
MMMOHJOF_00921	CDS	3873				hypothetical protein
MMMOHJOF_00922	CDS	1041				hypothetical protein
MMMOHJOF_00923	CDS	294				hypothetical protein
MMMOHJOF_00924	CDS	486				hypothetical protein
MMMOHJOF_00925	CDS	1314				hypothetical protein
MMMOHJOF_00926	CDS	1200	macB	3.6.3.-	COG0577	Macrolide export ATP-binding/permease protein MacB
MMMOHJOF_00927	CDS	681	yknY	3.6.3.-	COG1136	putative ABC transporter ATP-binding protein YknY
MMMOHJOF_00928	CDS	1155	mdtA_2			Multidrug resistance protein MdtA
MMMOHJOF_00929	CDS	1467				hypothetical protein
MMMOHJOF_00930	CDS	1599				hypothetical protein
MMMOHJOF_00931	CDS	306				hypothetical protein
MMMOHJOF_00932	CDS	744				hypothetical protein
MMMOHJOF_00933	CDS	765				hypothetical protein
MMMOHJOF_00934	CDS	1362				hypothetical protein
MMMOHJOF_00935	CDS	339				hypothetical protein
MMMOHJOF_00936	CDS	1194	mdoC	2.1.-.-		Glucans biosynthesis protein C
MMMOHJOF_00937	CDS	1407	arnT_2	2.4.2.43		Undecaprenyl phosphate-alpha-4-amino-4-deoxy-L-arabinose arabinosyl transferase
MMMOHJOF_00938	CDS	2373	mrcA		COG5009	Penicillin-binding protein 1A
MMMOHJOF_00939	CDS	858	ubiA	2.5.1.39	COG0382	4-hydroxybenzoate octaprenyltransferase
MMMOHJOF_00940	CDS	393				hypothetical protein
MMMOHJOF_00941	CDS	612				hypothetical protein
MMMOHJOF_00942	CDS	1584	prfC		COG4108	Peptide chain release factor 3
MMMOHJOF_00943	CDS	450	rimI	2.3.1.266	COG0456	[Ribosomal protein S18]-alanine N-acetyltransferase
MMMOHJOF_00944	CDS	276	pasI		COG2914	Persistence and stress-resistance antitoxin PasI
MMMOHJOF_00945	CDS	432	pasT		COG2867	Persistence and stress-resistance toxin PasT
MMMOHJOF_00946	CDS	468	smpB		COG0691	SsrA-binding protein
MMMOHJOF_00947	CDS	642				hypothetical protein
MMMOHJOF_00948	CDS	546	wecC	1.1.1.336		UDP-N-acetyl-D-mannosamine dehydrogenase
MMMOHJOF_00949	CDS	972	arnA	2.1.2.13		Bifunctional polymyxin resistance protein ArnA
MMMOHJOF_00950	CDS	1569	deaD	3.6.4.13	COG0513	ATP-dependent RNA helicase DeaD
MMMOHJOF_00951	CDS	993	lipA	2.8.1.8		Lipoyl synthase
MMMOHJOF_00952	CDS	324	rpsJ		COG0051	30S ribosomal protein S10
MMMOHJOF_00953	CDS	663	rplC		COG0087	50S ribosomal protein L3
MMMOHJOF_00954	CDS	621	rplD		COG0088	50S ribosomal protein L4
MMMOHJOF_00955	CDS	303	rplW		COG0089	50S ribosomal protein L23
MMMOHJOF_00956	CDS	531	rplJ		COG0244	50S ribosomal protein L10
MMMOHJOF_00957	CDS	693	rplA		COG0081	50S ribosomal protein L1
MMMOHJOF_00958	CDS	432	rplK		COG0080	50S ribosomal protein L11
MMMOHJOF_00959	CDS	552	nusG		COG0250	Transcription termination/antitermination protein NusG
MMMOHJOF_00960	CDS	369	secE		COG0690	Protein translocase subunit SecE
MMMOHJOF_00961	tRNA	76				tRNA-Trp(cca)
MMMOHJOF_00962	CDS	990				hypothetical protein
MMMOHJOF_00963	CDS	843				hypothetical protein
MMMOHJOF_00964	CDS	918				hypothetical protein
MMMOHJOF_00965	CDS	1401	asnS	6.1.1.22	COG0017	Asparagine--tRNA ligase
MMMOHJOF_00966	CDS	564	thpR	3.1.4.58		RNA 2',3'-cyclic phosphodiesterase
MMMOHJOF_00967	CDS	1581				hypothetical protein
MMMOHJOF_00968	CDS	699				hypothetical protein
MMMOHJOF_00969	CDS	483	greA		COG0782	Transcription elongation factor GreA
MMMOHJOF_00970	CDS	906	rimK	6.3.2.-	COG0189	Ribosomal protein S6--L-glutamate ligase
MMMOHJOF_00971	CDS	477				hypothetical protein
MMMOHJOF_00972	CDS	2430				hypothetical protein
MMMOHJOF_00973	CDS	942	ywlC	2.7.7.87	COG0009	Threonylcarbamoyl-AMP synthase
MMMOHJOF_00974	CDS	837				hypothetical protein
MMMOHJOF_00975	CDS	480	purE_2	5.4.99.18	COG0041	N5-carboxyaminoimidazole ribonucleotide mutase
MMMOHJOF_00976	CDS	636	degP_1	3.4.21.107	COG0265	Periplasmic serine endoprotease DegP
MMMOHJOF_00977	CDS	357				hypothetical protein
MMMOHJOF_00978	CDS	1689	fadD	6.2.1.3	COG0318	Long-chain-fatty-acid--CoA ligase
MMMOHJOF_00979	CDS	699	minC		COG0850	Septum site-determining protein MinC
MMMOHJOF_00980	CDS	828	minD		COG2894	Septum site-determining protein MinD
MMMOHJOF_00981	CDS	285	minE		COG0851	Cell division topological specificity factor
MMMOHJOF_00982	CDS	2463	fadE_2	1.3.8.7	COG1960	Acyl-coenzyme A dehydrogenase
MMMOHJOF_00983	CDS	786				hypothetical protein
MMMOHJOF_00984	CDS	774				hypothetical protein
MMMOHJOF_00985	CDS	2184	ileS_1	6.1.1.5	COG0060	Isoleucine--tRNA ligase
MMMOHJOF_00986	CDS	483	lspA	3.4.23.36	COG0597	Lipoprotein signal peptidase
MMMOHJOF_00987	CDS	438	fkpB	5.2.1.8	COG1047	FKBP-type 16 kDa peptidyl-prolyl cis-trans isomerase
MMMOHJOF_00988	CDS	408				hypothetical protein
MMMOHJOF_00989	CDS	2718				hypothetical protein
MMMOHJOF_00990	CDS	240				hypothetical protein
MMMOHJOF_00991	CDS	831				hypothetical protein
MMMOHJOF_00992	CDS	1281	purD	6.3.4.13	COG0151	Phosphoribosylamine--glycine ligase
MMMOHJOF_00993	CDS	540				hypothetical protein
MMMOHJOF_00994	CDS	1554	purH		COG0138	Bifunctional purine biosynthesis protein PurH
MMMOHJOF_00995	CDS	291	fis		COG2901	DNA-binding protein Fis
MMMOHJOF_00996	CDS	465				hypothetical protein
MMMOHJOF_00997	CDS	819	mscS_2		COG0668	Small-conductance mechanosensitive channel
MMMOHJOF_00998	CDS	453				hypothetical protein
MMMOHJOF_00999	CDS	321				hypothetical protein
MMMOHJOF_01000	CDS	429				hypothetical protein
MMMOHJOF_01001	tRNA	76				tRNA-Phe(gaa)
MMMOHJOF_01002	CDS	429				hypothetical protein
MMMOHJOF_01003	CDS	942				hypothetical protein
MMMOHJOF_01004	CDS	198				hypothetical protein
MMMOHJOF_01005	CDS	267		5.2.1.8		Peptidyl-prolyl cis-trans isomerase cyp18
MMMOHJOF_01006	CDS	621				hypothetical protein
MMMOHJOF_01007	CDS	855	egtC	3.5.1.118		Gamma-glutamyl-hercynylcysteine sulfoxide hydrolase
MMMOHJOF_01008	CDS	486	msrA3	1.8.4.11		Peptide methionine sulfoxide reductase MsrA 3
MMMOHJOF_01009	CDS	780	ydfG	1.1.1.381	COG4221	NADP-dependent 3-hydroxy acid dehydrogenase YdfG
MMMOHJOF_01010	CDS	987				hypothetical protein
MMMOHJOF_01011	CDS	513				hypothetical protein
MMMOHJOF_01012	CDS	1098	ddlA	6.3.2.4	COG1181	D-alanine--D-alanine ligase A
MMMOHJOF_01013	CDS	1128	dapE	3.5.1.18	COG0624	Succinyl-diaminopimelate desuccinylase
MMMOHJOF_01014	CDS	825	dapD	2.3.1.117	COG2171	2,3,4,5-tetrahydropyridine-2,6-dicarboxylate N-succinyltransferase
MMMOHJOF_01015	CDS	3102	bepE			Efflux pump membrane transporter BepE
MMMOHJOF_01016	CDS	1218	mdtA_3			Multidrug resistance protein MdtA
MMMOHJOF_01017	CDS	1833	mfd	3.6.4.-	COG1197	Transcription-repair-coupling factor
MMMOHJOF_01018	CDS	540				hypothetical protein
MMMOHJOF_01019	CDS	603				hypothetical protein
MMMOHJOF_01020	CDS	510				hypothetical protein
MMMOHJOF_01021	CDS	156				hypothetical protein
MMMOHJOF_01022	CDS	564	dsbB_2			Disulfide bond formation protein B
MMMOHJOF_01023	CDS	654	gacA			Response regulator GacA
MMMOHJOF_01024	CDS	1824	uvrC		COG0322	UvrABC system protein C
MMMOHJOF_01025	CDS	561	pgsA	2.7.8.5	COG0558	CDP-diacylglycerol--glycerol-3-phosphate 3-phosphatidyltransferase
MMMOHJOF_01026	tRNA	75				tRNA-Gly(gcc)
MMMOHJOF_01027	tRNA	74				tRNA-Cys(gca)
MMMOHJOF_01028	tRNA	89				tRNA-Leu(taa)
MMMOHJOF_01029	CDS	894				hypothetical protein
MMMOHJOF_01030	CDS	507				hypothetical protein
MMMOHJOF_01031	CDS	588		1.6.5.2	COG0655	NAD(P)H dehydrogenase (quinone)
MMMOHJOF_01032	CDS	351	yfgD		COG1393	putative protein YfgD
MMMOHJOF_01033	CDS	1218				hypothetical protein
MMMOHJOF_01034	CDS	1692	proS	6.1.1.15	COG0442	Proline--tRNA ligase
MMMOHJOF_01035	CDS	258				hypothetical protein
MMMOHJOF_01036	CDS	1767	aspS	6.1.1.23	COG0173	Aspartate--tRNA(Asp/Asn) ligase
MMMOHJOF_01037	CDS	744	yebC		COG0217	putative transcriptional regulatory protein YebC
MMMOHJOF_01038	CDS	498	ruvC	3.1.22.4	COG0817	Crossover junction endodeoxyribonuclease RuvC
MMMOHJOF_01039	CDS	615	ruvA	3.6.4.12	COG0632	Holliday junction ATP-dependent DNA helicase RuvA
MMMOHJOF_01040	CDS	1011	ruvB_1	3.6.4.12	COG2255	Holliday junction ATP-dependent DNA helicase RuvB
MMMOHJOF_01041	CDS	699	tolQ		COG0811	Tol-Pal system protein TolQ
MMMOHJOF_01042	CDS	450	tolR		COG0848	Tol-Pal system protein TolR
MMMOHJOF_01043	CDS	783				hypothetical protein
MMMOHJOF_01044	CDS	1311	tolB_1		COG0823	Tol-Pal system protein TolB
MMMOHJOF_01045	CDS	522	pal_2		COG2885	Peptidoglycan-associated lipoprotein
MMMOHJOF_01046	CDS	891	cpoB			Cell division coordinator CpoB
MMMOHJOF_01047	CDS	666	queE	4.3.99.3	COG0602	7-carboxy-7-deazaguanine synthase
MMMOHJOF_01048	CDS	1461	dtpA_1		COG3104	Dipeptide and tripeptide permease A
MMMOHJOF_01049	CDS	267				hypothetical protein
MMMOHJOF_01050	CDS	411	psd	4.1.1.65	COG0688	Phosphatidylserine decarboxylase proenzyme
MMMOHJOF_01051	CDS	1434	gabD	1.2.1.79	COG1012	Succinate-semialdehyde dehydrogenase [NADP(+)]
MMMOHJOF_01052	CDS	861				hypothetical protein
MMMOHJOF_01053	CDS	1068	bepG			Efflux pump membrane transporter BepG
MMMOHJOF_01054	CDS	2358	fadN	1.1.1.35	COG1024	putative 3-hydroxyacyl-CoA dehydrogenase
MMMOHJOF_01055	CDS	1197	fadA	2.3.1.16	COG0183	3-ketoacyl-CoA thiolase
MMMOHJOF_01056	CDS	381	arcB_1	2.7.13.3	COG0642	Aerobic respiration control sensor protein ArcB
MMMOHJOF_01057	CDS	267	rpsT		COG0268	30S ribosomal protein S20
MMMOHJOF_01058	CDS	576				hypothetical protein
MMMOHJOF_01059	CDS	489				hypothetical protein
MMMOHJOF_01060	CDS	969	hemH	4.99.1.1	COG0276	Ferrochelatase
MMMOHJOF_01061	CDS	357	trxC		COG0526	Putative thioredoxin 2
MMMOHJOF_01062	CDS	654	adk	2.7.4.3	COG0563	Adenylate kinase
MMMOHJOF_01063	CDS	1266				hypothetical protein
MMMOHJOF_01064	CDS	747			COG0330	putative protein
MMMOHJOF_01065	CDS	411				hypothetical protein
MMMOHJOF_01066	CDS	1332	pmbA	3.4.-.-	COG0312	Metalloprotease PmbA
MMMOHJOF_01067	CDS	654	upp	2.4.2.9		Uracil phosphoribosyltransferase
MMMOHJOF_01068	CDS	423				hypothetical protein
MMMOHJOF_01069	CDS	429	recX		COG2137	Regulatory protein RecX
MMMOHJOF_01070	CDS	1026	recA		COG0468	Protein RecA
MMMOHJOF_01071	CDS	1368	aam	3.5.1.13	COG0154	Acylamidase
MMMOHJOF_01072	CDS	1164	metC	4.4.1.13	COG0626	Cystathionine beta-lyase
MMMOHJOF_01073	CDS	792				hypothetical protein
MMMOHJOF_01074	CDS	1191			COG2081	putative protein
MMMOHJOF_01075	CDS	291	gatC	6.3.5.-	COG0721	Glutamyl-tRNA(Gln) amidotransferase subunit C
MMMOHJOF_01076	CDS	1446	gatA_2	6.3.5.7	COG0154	Glutamyl-tRNA(Gln) amidotransferase subunit A
MMMOHJOF_01077	CDS	1437	gatB	6.3.5.-	COG0064	Aspartyl/glutamyl-tRNA(Asn/Gln) amidotransferase subunit B
MMMOHJOF_01078	CDS	1110				hypothetical protein
MMMOHJOF_01079	CDS	816	phhA	1.14.16.1	COG3186	Phenylalanine-4-hydroxylase
MMMOHJOF_01080	CDS	336		4.2.1.96		Putative pterin-4-alpha-carbinolamine dehydratase
MMMOHJOF_01081	CDS	1869	gspD2			Secretin GspD 2
MMMOHJOF_01082	CDS	1470	epsE		COG2804	Type II secretion system protein E
MMMOHJOF_01083	CDS	621				hypothetical protein
MMMOHJOF_01084	CDS	1320	pepP	3.4.11.9	COG0006	Xaa-Pro aminopeptidase
MMMOHJOF_01085	CDS	1011	pdxB	1.1.1.290	COG0111	Erythronate-4-phosphate dehydrogenase
MMMOHJOF_01086	CDS	1233	ubiH	1.14.13.-	COG0654	2-octaprenyl-6-methoxyphenol hydroxylase
MMMOHJOF_01087	CDS	1212	ubiI	1.14.13.240	COG0654	2-octaprenylphenol hydroxylase
MMMOHJOF_01088	CDS	738	ompR_2			Transcriptional regulatory protein OmpR
MMMOHJOF_01089	CDS	1266	sasA_3	2.7.-.-		Adaptive-response sensory-kinase SasA
MMMOHJOF_01090	CDS	594				hypothetical protein
MMMOHJOF_01091	CDS	1089	gcvT	2.1.2.10	COG0404	Aminomethyltransferase
MMMOHJOF_01092	CDS	1674	yidC			Membrane protein insertase YidC
MMMOHJOF_01093	CDS	1368	mnmE	3.6.-.-	COG0486	tRNA modification GTPase MnmE
MMMOHJOF_01094	CDS	351				hypothetical protein
MMMOHJOF_01095	CDS	1725				hypothetical protein
MMMOHJOF_01096	CDS	1224	cca		COG0617	Multifunctional CCA protein
MMMOHJOF_01097	CDS	285				hypothetical protein
MMMOHJOF_01098	CDS	615	ynjF		COG0558	Inner membrane protein YnjF
MMMOHJOF_01099	CDS	2661	acn	4.2.1.3	COG1048	Aconitate hydratase A
MMMOHJOF_01100	CDS	1143				hypothetical protein
MMMOHJOF_01101	CDS	957	ribF		COG0196	Bifunctional riboflavin kinase/FMN adenylyltransferase
MMMOHJOF_01102	CDS	300				hypothetical protein
MMMOHJOF_01103	CDS	1386				hypothetical protein
MMMOHJOF_01104	CDS	372				hypothetical protein
MMMOHJOF_01105	CDS	1311	lplT			Lysophospholipid transporter LplT
MMMOHJOF_01106	CDS	465	iscR			HTH-type transcriptional regulator IscR
MMMOHJOF_01107	CDS	1446	sufB		COG0719	FeS cluster assembly protein SufB
MMMOHJOF_01108	CDS	744	sufC		COG0396	putative ATP-dependent transporter SufC
MMMOHJOF_01109	CDS	1317	sufD		COG0719	FeS cluster assembly protein SufD
MMMOHJOF_01110	CDS	1215	sufS	2.8.1.7	COG0520	Cysteine desulfurase SufS
MMMOHJOF_01111	CDS	450	sufU	2.-.-.-	COG0822	Zinc-dependent sulfurtransferase SufU
MMMOHJOF_01112	CDS	324	sufT			Fe-S protein maturation auxiliary factor SufT
MMMOHJOF_01113	CDS	264				putative Fe(2+)-trafficking protein
MMMOHJOF_01114	CDS	1050	dinB	2.7.7.7	COG0389	DNA polymerase IV
MMMOHJOF_01115	CDS	894	tolB_2		COG0823	Tol-Pal system protein TolB
MMMOHJOF_01116	CDS	855				hypothetical protein
MMMOHJOF_01117	CDS	357	rplT		COG0292	50S ribosomal protein L20
MMMOHJOF_01118	CDS	198	rpmI		COG0291	50S ribosomal protein L35
MMMOHJOF_01119	CDS	384	infC		COG0290	Translation initiation factor IF-3
MMMOHJOF_01120	CDS	246	thrS	6.1.1.3	COG0441	Threonine--tRNA ligase
MMMOHJOF_01121	CDS	663				queuosine precursor transporter
MMMOHJOF_01122	CDS	621	hflD		COG2915	High frequency lysogenization protein HflD
MMMOHJOF_01123	CDS	1101	mnmA	2.8.1.13	COG0482	tRNA-specific 2-thiouridylase MnmA
MMMOHJOF_01124	CDS	552	rluE	5.4.99.20	COG1187	Ribosomal large subunit pseudouridine synthase E
MMMOHJOF_01125	CDS	1299	icd	1.1.1.42		Isocitrate dehydrogenase [NADP]
MMMOHJOF_01126	CDS	318	clpS			ATP-dependent Clp protease adapter protein ClpS
MMMOHJOF_01127	CDS	2295	clpA		COG0542	ATP-dependent Clp protease ATP-binding subunit ClpA
MMMOHJOF_01128	CDS	222	infA		COG0361	Translation initiation factor IF-1
MMMOHJOF_01129	CDS	957	trxB	1.8.1.9	COG0492	Thioredoxin reductase
MMMOHJOF_01130	CDS	2328	ftsK		COG1674	DNA translocase FtsK
MMMOHJOF_01131	CDS	630	lolA		COG2834	Outer-membrane lipoprotein carrier protein
MMMOHJOF_01132	CDS	1332	rarA		COG2256	Replication-associated recombination protein A
MMMOHJOF_01133	CDS	375	crcB			Putative fluoride ion transporter CrcB
MMMOHJOF_01134	CDS	1278	serS	6.1.1.11	COG0172	Serine--tRNA ligase
MMMOHJOF_01135	CDS	582				hypothetical protein
MMMOHJOF_01136	CDS	2259				hypothetical protein
MMMOHJOF_01137	CDS	786	truA	5.4.99.12	COG0101	tRNA pseudouridine synthase A
MMMOHJOF_01138	CDS	759				hypothetical protein
MMMOHJOF_01139	CDS	900				hypothetical protein
MMMOHJOF_01140	CDS	291				hypothetical protein
MMMOHJOF_01141	CDS	573				hypothetical protein
MMMOHJOF_01142	CDS	852	accD	2.1.3.15	COG0777	Acetyl-coenzyme A carboxylase carboxyl transferase subunit beta
MMMOHJOF_01143	CDS	1281	folC	6.3.2.12	COG0285	Dihydrofolate synthase/folylpolyglutamate synthase
MMMOHJOF_01144	CDS	465				hypothetical protein
MMMOHJOF_01145	CDS	528	cvpA		COG1286	Colicin V production protein
MMMOHJOF_01146	CDS	1506	purF	2.4.2.14	COG0034	Amidophosphoribosyltransferase
MMMOHJOF_01147	CDS	609				hypothetical protein
MMMOHJOF_01148	CDS	834				hypothetical protein
MMMOHJOF_01149	CDS	1725	ybhF		COG1131	putative multidrug ABC transporter ATP-binding protein YbhF
MMMOHJOF_01150	CDS	1152	ybhS		COG0842	putative multidrug ABC transporter permease YbhS
MMMOHJOF_01151	CDS	1263	gltT			Proton/sodium-glutamate symport protein
MMMOHJOF_01152	CDS	378				hypothetical protein
MMMOHJOF_01153	CDS	459				hypothetical protein
MMMOHJOF_01154	CDS	873				hypothetical protein
MMMOHJOF_01155	CDS	477				hypothetical protein
MMMOHJOF_01156	CDS	1329				hypothetical protein
MMMOHJOF_01157	CDS	807				hypothetical protein
MMMOHJOF_01158	CDS	1122	queG	1.17.99.6	COG1600	Epoxyqueuosine reductase
MMMOHJOF_01159	CDS	474	dps	1.16.-.-		DNA protection during starvation protein
MMMOHJOF_01160	CDS	771				hypothetical protein
MMMOHJOF_01161	CDS	741				hypothetical protein
MMMOHJOF_01162	CDS	576	bioY		COG1268	Biotin transporter BioY
MMMOHJOF_01163	CDS	783	bioC	2.1.1.197		Malonyl-[acyl-carrier protein] O-methyltransferase
MMMOHJOF_01164	CDS	1563	yheS		COG0488	putative ABC transporter ATP-binding protein YheS
MMMOHJOF_01165	CDS	804				hypothetical protein
MMMOHJOF_01166	CDS	903				hypothetical protein
MMMOHJOF_01167	CDS	1101				hypothetical protein
MMMOHJOF_01168	CDS	1482				hypothetical protein
MMMOHJOF_01169	CDS	708				hypothetical protein
MMMOHJOF_01170	CDS	1245	deoB	5.4.2.7	COG1015	Phosphopentomutase
MMMOHJOF_01171	CDS	972		3.5.4.2	COG1816	Adenine deaminase
MMMOHJOF_01172	CDS	492	dhfrIII	1.5.1.3		Dihydrofolate reductase type 3
MMMOHJOF_01173	CDS	1362	norM		COG0534	Multidrug resistance protein NorM
MMMOHJOF_01174	CDS	819	apaH	3.6.1.41	COG0639	Bis(5'-nucleosyl)-tetraphosphatase, symmetrical
MMMOHJOF_01175	CDS	441	uspA2_2		COG0589	Universal stress protein A 
MMMOHJOF_01176	CDS	1461				hypothetical protein
MMMOHJOF_01177	CDS	1263	waaA	2.4.99.12	COG1519	3-deoxy-D-manno-octulosonic acid transferase
MMMOHJOF_01178	CDS	930				hypothetical protein
MMMOHJOF_01179	CDS	333				hypothetical protein
MMMOHJOF_01180	tRNA	77				tRNA-Met(cat)
MMMOHJOF_01181	CDS	879	miaA	2.5.1.75	COG0324	tRNA dimethylallyltransferase
MMMOHJOF_01182	CDS	1314	lapB_1			Lipopolysaccharide assembly protein B
MMMOHJOF_01183	CDS	1023	asd2	1.2.1.11	COG0136	Aspartate-semialdehyde dehydrogenase 2
MMMOHJOF_01184	CDS	915	prmB	2.1.1.298	COG2890	50S ribosomal protein L3 glutamine methyltransferase
MMMOHJOF_01185	CDS	540	smrA	3.1.-.-	COG2840	putative DNA endonuclease SmrA
MMMOHJOF_01186	CDS	648	udk	2.7.1.48		Uridine kinase
MMMOHJOF_01187	CDS	780	bamD		COG4105	Outer membrane protein assembly factor BamD
MMMOHJOF_01188	CDS	966	rluD	5.4.99.23	COG0564	Ribosomal large subunit pseudouridine synthase D
MMMOHJOF_01189	CDS	639	yfiH	1.10.3.-	COG1496	Polyphenol oxidase
MMMOHJOF_01190	CDS	1365	degP_2	3.4.21.107	COG0265	Periplasmic serine endoprotease DegP
MMMOHJOF_01191	CDS	768			COG0327	GTP cyclohydrolase 1 type 2 
MMMOHJOF_01192	CDS	585	gmhA	5.3.1.28	COG0279	Phosphoheptose isomerase
MMMOHJOF_01193	CDS	570				hypothetical protein
MMMOHJOF_01194	CDS	570				hypothetical protein
MMMOHJOF_01195	CDS	654				hypothetical protein
MMMOHJOF_01196	CDS	1074	zapE		COG1485	Cell division protein ZapE
MMMOHJOF_01197	CDS	1185	ackA	2.7.2.1	COG0282	Acetate kinase
MMMOHJOF_01198	CDS	2142	pta	2.3.1.8	COG0280	Phosphate acetyltransferase
MMMOHJOF_01199	CDS	576				hypothetical protein
MMMOHJOF_01200	CDS	732				hypothetical protein
MMMOHJOF_01201	CDS	951	cysK	2.5.1.47		Cysteine synthase
MMMOHJOF_01202	CDS	516				hypothetical protein
MMMOHJOF_01203	CDS	510				hypothetical protein
MMMOHJOF_01204	CDS	1332	zraR		COG2204	Transcriptional regulatory protein ZraR
MMMOHJOF_01205	CDS	174	tatA			Sec-independent protein translocase protein TatA
MMMOHJOF_01206	CDS	735	tatC		COG0805	Sec-independent protein translocase protein TatC
MMMOHJOF_01207	CDS	1488				hypothetical protein
MMMOHJOF_01208	CDS	504				hypothetical protein
MMMOHJOF_01209	CDS	1107				hypothetical protein
MMMOHJOF_01210	CDS	711				hypothetical protein
MMMOHJOF_01211	CDS	351				hypothetical protein
MMMOHJOF_01212	CDS	1047	ada		COG0350	Bifunctional transcriptional activator/DNA repair enzyme Ada
MMMOHJOF_01213	CDS	1056	COQ3_1	2.1.1.222		Ubiquinone biosynthesis O-methyltransferase, mitochondrial
MMMOHJOF_01214	CDS	507				hypothetical protein
MMMOHJOF_01215	CDS	1272	anmK_3	2.7.1.170	COG2377	Anhydro-N-acetylmuramic acid kinase
MMMOHJOF_01216	CDS	669				hypothetical protein
MMMOHJOF_01217	CDS	879				hypothetical protein
MMMOHJOF_01218	CDS	396				hypothetical protein
MMMOHJOF_01219	CDS	708				queuosine precursor transporter
MMMOHJOF_01220	CDS	330				hypothetical protein
MMMOHJOF_01221	CDS	1614	ybiT		COG0488	putative ABC transporter ATP-binding protein YbiT
MMMOHJOF_01222	CDS	471				hypothetical protein
MMMOHJOF_01223	CDS	531				hypothetical protein
MMMOHJOF_01224	CDS	609	ydaF	2.3.1.-	COG1670	Putative ribosomal N-acetyltransferase YdaF
MMMOHJOF_01225	CDS	522				hypothetical protein
MMMOHJOF_01226	CDS	417				hypothetical protein
MMMOHJOF_01227	CDS	303	ftsB			Cell division protein FtsB
MMMOHJOF_01228	CDS	591	ygiF	3.6.1.25	COG3025	Inorganic triphosphatase
MMMOHJOF_01229	CDS	681				hypothetical protein
MMMOHJOF_01230	CDS	1257				hypothetical protein
MMMOHJOF_01231	CDS	402	cdd	3.5.4.5	COG0295	Cytidine deaminase
MMMOHJOF_01232	CDS	831	xapA	2.4.2.1	COG0005	Purine nucleoside phosphorylase 2
MMMOHJOF_01233	CDS	171				hypothetical protein
MMMOHJOF_01234	tmRNA	363	ssrA			transfer-messenger RNA, SsrA
MMMOHJOF_01235	CDS	708				hypothetical protein
MMMOHJOF_01236	CDS	528				hypothetical protein
MMMOHJOF_01237	CDS	1287				hypothetical protein
MMMOHJOF_01238	CDS	336				hypothetical protein
MMMOHJOF_01239	CDS	345				hypothetical protein
MMMOHJOF_01240	CDS	807				hypothetical protein
MMMOHJOF_01241	CDS	402				hypothetical protein
MMMOHJOF_01242	CDS	423				hypothetical protein
MMMOHJOF_01243	CDS	1383				hypothetical protein
MMMOHJOF_01244	CDS	1002	appB	7.1.1.3	COG1294	Cytochrome bd-II ubiquinol oxidase subunit 2
MMMOHJOF_01245	tRNA	85				tRNA-Tyr(gta)
MMMOHJOF_01246	CDS	1896				hypothetical protein
MMMOHJOF_01247	CDS	483				hypothetical protein
MMMOHJOF_01248	CDS	1887	parE	5.6.2.2	COG0187	DNA topoisomerase 4 subunit B
MMMOHJOF_01249	CDS	2247	parC	5.6.2.2	COG0188	DNA topoisomerase 4 subunit A
MMMOHJOF_01250	CDS	1701				hypothetical protein
MMMOHJOF_01251	CDS	570	efp		COG0231	Elongation factor P
MMMOHJOF_01252	CDS	1497				hypothetical protein
MMMOHJOF_01253	CDS	1020	aroC	4.2.3.5		Chorismate synthase
MMMOHJOF_01254	CDS	267	ubiK		COG2960	Ubiquinone biosynthesis accessory factor UbiK
MMMOHJOF_01255	CDS	1500	comM		COG0606	Competence protein ComM
MMMOHJOF_01256	CDS	231				hypothetical protein
MMMOHJOF_01257	CDS	1044	mreB		COG1077	Cell shape-determining protein MreB
MMMOHJOF_01258	CDS	954	mreC		COG1792	Cell shape-determining protein MreC
MMMOHJOF_01259	CDS	495	mreD		COG2891	Rod shape-determining protein MreD
MMMOHJOF_01260	CDS	1086	wbpI	5.1.3.23	COG0381	UDP-2,3-diacetamido-2,3-dideoxy-D-glucuronate 2-epimerase
MMMOHJOF_01261	CDS	363	tig	5.2.1.8		Trigger factor
MMMOHJOF_01262	CDS	633	clpP	3.4.21.92	COG0740	ATP-dependent Clp protease proteolytic subunit
MMMOHJOF_01263	CDS	1287	clpX		COG1219	ATP-dependent Clp protease ATP-binding subunit ClpX
MMMOHJOF_01264	CDS	2487	lon	3.4.21.53	COG0466	Lon protease
MMMOHJOF_01265	CDS	273	hupB		COG0776	DNA-binding protein HU-beta
MMMOHJOF_01266	tRNA	76				tRNA-Val(tac)
MMMOHJOF_01267	tRNA	77				tRNA-Asp(gtc)
MMMOHJOF_01268	CDS	1905	ppiD	5.2.1.8	COG0760	Peptidyl-prolyl cis-trans isomerase D
MMMOHJOF_01269	CDS	2496	clpB		COG0542	Chaperone protein ClpB
MMMOHJOF_01270	CDS	519				hypothetical protein
MMMOHJOF_01271	CDS	426				hypothetical protein
MMMOHJOF_01272	CDS	276				hypothetical protein
MMMOHJOF_01273	CDS	780				hypothetical protein
MMMOHJOF_01274	CDS	1380				hypothetical protein
MMMOHJOF_01275	CDS	1368	sdaB	4.3.1.17	COG1760	L-serine dehydratase 2
MMMOHJOF_01276	CDS	756	mip	5.2.1.8	COG0545	Outer membrane protein MIP
MMMOHJOF_01277	CDS	1260	ampG		COG0477	Anhydromuropeptide permease
MMMOHJOF_01278	CDS	927				hypothetical protein
MMMOHJOF_01279	CDS	444				hypothetical protein
MMMOHJOF_01280	CDS	453				hypothetical protein
MMMOHJOF_01281	CDS	951				hypothetical protein
MMMOHJOF_01282	CDS	804				hypothetical protein
MMMOHJOF_01283	CDS	561	ampD	3.5.1.28		1,6-anhydro-N-acetylmuramyl-L-alanine amidase AmpD
MMMOHJOF_01284	CDS	1170	magA		COG0475	Iron transporter MagA
MMMOHJOF_01285	CDS	564				hypothetical protein
MMMOHJOF_01286	CDS	753				hypothetical protein
MMMOHJOF_01287	CDS	762		1.-.-.-		putative oxidoreductase
MMMOHJOF_01288	CDS	546				hypothetical protein
MMMOHJOF_01289	CDS	678				hypothetical protein
MMMOHJOF_01290	CDS	1095	lysDH	1.4.1.18		Lysine 6-dehydrogenase
MMMOHJOF_01291	CDS	1512	aldHT	1.2.1.5		Aldehyde dehydrogenase, thermostable
MMMOHJOF_01292	CDS	483	sodC1	1.15.1.1	COG2032	Superoxide dismutase [Cu-Zn] 1
MMMOHJOF_01293	CDS	1662	recN		COG0497	DNA repair protein RecN
MMMOHJOF_01294	CDS	1068				hypothetical protein
MMMOHJOF_01295	CDS	120				hypothetical protein
MMMOHJOF_01296	CDS	708				hypothetical protein
MMMOHJOF_01297	CDS	417				hypothetical protein
MMMOHJOF_01298	CDS	1263	pyrC'		COG0044	Dihydroorotase-like protein
MMMOHJOF_01299	CDS	954	pyrB	2.1.3.2		Aspartate carbamoyltransferase
MMMOHJOF_01300	CDS	477	yqgF	3.1.-.-	COG0816	Putative pre-16S rRNA nuclease
MMMOHJOF_01301	CDS	570				hypothetical protein
MMMOHJOF_01302	CDS	183				hypothetical protein
MMMOHJOF_01303	CDS	1101	pilT_2		COG2805	Twitching mobility protein
MMMOHJOF_01304	CDS	666				hypothetical protein
MMMOHJOF_01305	CDS	1155	metK	2.5.1.6	COG0192	S-adenosylmethionine synthase
MMMOHJOF_01306	CDS	1290	ahcY	3.3.1.1		Adenosylhomocysteinase
MMMOHJOF_01307	CDS	732	rsmE	2.1.1.193	COG1385	Ribosomal RNA small subunit methyltransferase E
MMMOHJOF_01308	CDS	648	elbB	4.2.1.-	COG3155	Glyoxalase ElbB
MMMOHJOF_01309	CDS	1002	hemB	4.2.1.24		Delta-aminolevulinic acid dehydratase
MMMOHJOF_01310	CDS	207				hypothetical protein
MMMOHJOF_01311	CDS	1470	dtpA_2		COG3104	Dipeptide and tripeptide permease A
MMMOHJOF_01312	CDS	570				hypothetical protein
MMMOHJOF_01313	CDS	1203	tyrP		COG0814	Tyrosine-specific transport protein
MMMOHJOF_01314	CDS	132				hypothetical protein
MMMOHJOF_01315	CDS	1125				hypothetical protein
MMMOHJOF_01316	CDS	342				hypothetical protein
MMMOHJOF_01317	CDS	405				hypothetical protein
MMMOHJOF_01318	CDS	393	xcpT		COG2165	Type II secretion system protein G
MMMOHJOF_01319	CDS	1095	cpg2	3.4.17.11		Carboxypeptidase G2
MMMOHJOF_01320	CDS	1002	astA	2.3.1.109	COG3138	Arginine N-succinyltransferase
MMMOHJOF_01321	CDS	1470	astD	1.2.1.71	COG1012	N-succinylglutamate 5-semialdehyde dehydrogenase
MMMOHJOF_01322	CDS	1104	hutG	3.5.3.8		Formimidoylglutamase
MMMOHJOF_01323	CDS	426				hypothetical protein
MMMOHJOF_01324	CDS	147				hypothetical protein
MMMOHJOF_01325	CDS	846	cyoE	2.5.1.141	COG0109	Protoheme IX farnesyltransferase
MMMOHJOF_01326	CDS	360				hypothetical protein
MMMOHJOF_01327	CDS	600	cyoC		COG1845	Cytochrome bo(3) ubiquinol oxidase subunit 3
MMMOHJOF_01328	CDS	1980	cyoB	7.1.1.3	COG0843	Cytochrome bo(3) ubiquinol oxidase subunit 1
MMMOHJOF_01329	CDS	885	cyoA		COG1622	Cytochrome bo(3) ubiquinol oxidase subunit 2
MMMOHJOF_01330	CDS	471				hypothetical protein
MMMOHJOF_01331	CDS	1101	cutD	1.97.1.-		Choline trimethylamine-lyase activating enzyme
MMMOHJOF_01332	CDS	801				hypothetical protein
MMMOHJOF_01333	CDS	555				hypothetical protein
MMMOHJOF_01334	CDS	621				hypothetical protein
MMMOHJOF_01335	CDS	1422	csbC			putative metabolite transport protein CsbC
MMMOHJOF_01336	CDS	540				hypothetical protein
MMMOHJOF_01337	CDS	351				hypothetical protein
MMMOHJOF_01338	CDS	1275	gpmA	5.4.2.11		2,3-bisphosphoglycerate-dependent phosphoglycerate mutase
MMMOHJOF_01339	CDS	1431				hypothetical protein
MMMOHJOF_01340	CDS	1005				hypothetical protein
MMMOHJOF_01341	CDS	2223	copA	7.2.2.8	COG2217	Copper-exporting P-type ATPase
MMMOHJOF_01342	CDS	357				hypothetical protein
MMMOHJOF_01343	CDS	870	ttcA	2.8.1.-	COG0037	tRNA-cytidine(32) 2-sulfurtransferase
MMMOHJOF_01344	CDS	273				hypothetical protein
MMMOHJOF_01345	CDS	435	glmU		COG1207	Bifunctional protein GlmU
MMMOHJOF_01346	CDS	1833	glmS	2.6.1.16	COG0449	Glutamine--fructose-6-phosphate aminotransferase [isomerizing]
MMMOHJOF_01347	CDS	1128				hypothetical protein
MMMOHJOF_01348	CDS	243				hypothetical protein
MMMOHJOF_01349	CDS	330	hipA_1	2.7.11.1	COG3550	Serine/threonine-protein kinase toxin HipA
MMMOHJOF_01350	CDS	396				hypothetical protein
MMMOHJOF_01351	CDS	615				hypothetical protein
MMMOHJOF_01352	CDS	291				hypothetical protein
MMMOHJOF_01353	CDS	624				hypothetical protein
MMMOHJOF_01354	CDS	930	eno	4.2.1.11	COG0148	Enolase
MMMOHJOF_01355	CDS	606	ribE	2.5.1.9	COG0307	Riboflavin synthase
MMMOHJOF_01356	CDS	1080	ribD		COG0117	Riboflavin biosynthesis protein RibD
MMMOHJOF_01357	CDS	189				hypothetical protein
MMMOHJOF_01358	CDS	438	nsrR		COG1959	HTH-type transcriptional repressor NsrR
MMMOHJOF_01359	CDS	369	glbN			Group 1 truncated hemoglobin GlbN
MMMOHJOF_01360	CDS	885	COQ3_2	2.1.1.222		Ubiquinone biosynthesis O-methyltransferase, mitochondrial
MMMOHJOF_01361	CDS	1413	btuD	7.6.2.8		Vitamin B12 import ATP-binding protein BtuD
MMMOHJOF_01362	CDS	396				hypothetical protein
MMMOHJOF_01363	CDS	1893				hypothetical protein
MMMOHJOF_01364	CDS	789	fabG_3	1.1.1.100		3-oxoacyl-[acyl-carrier-protein] reductase FabG
MMMOHJOF_01365	CDS	1086	prfA		COG0216	Peptide chain release factor RF1
MMMOHJOF_01366	CDS	840	prmC	2.1.1.297	COG2890	Release factor glutamine methyltransferase
MMMOHJOF_01367	CDS	369				hypothetical protein
MMMOHJOF_01368	CDS	1209	lpoA		COG3107	Penicillin-binding protein activator LpoA
MMMOHJOF_01369	CDS	939	bioB	2.8.1.6	COG0502	Biotin synthase
MMMOHJOF_01370	CDS	1314	bioA	2.6.1.62		Adenosylmethionine-8-amino-7-oxononanoate aminotransferase
MMMOHJOF_01371	CDS	531	ogt	2.1.1.63	COG0350	Methylated-DNA--protein-cysteine methyltransferase
MMMOHJOF_01372	CDS	1311				hypothetical protein
MMMOHJOF_01373	CDS	1326				hypothetical protein
MMMOHJOF_01374	CDS	1677	ydaP		COG0028	Putative thiamine pyrophosphate-containing protein YdaP
MMMOHJOF_01375	CDS	1506	dtpD_2		COG3104	Dipeptide permease D
MMMOHJOF_01376	CDS	111				hypothetical protein
MMMOHJOF_01377	CDS	279	trpR			Trp operon repressor
MMMOHJOF_01378	CDS	639	tdk	2.7.1.21	COG1435	Thymidine kinase
MMMOHJOF_01379	CDS	546				hypothetical protein
MMMOHJOF_01380	CDS	870	udp	2.4.2.3	COG2820	Uridine phosphorylase
MMMOHJOF_01381	CDS	381	skp		COG2825	Chaperone protein Skp
MMMOHJOF_01382	CDS	651	birA	6.3.4.15	COG0340	Bifunctional ligase/repressor BirA
MMMOHJOF_01383	CDS	639	bioD1	6.3.3.3	COG0132	ATP-dependent dethiobiotin synthetase BioD 1
MMMOHJOF_01384	CDS	1395	gltX_1	6.1.1.17	COG0008	Glutamate--tRNA ligase
MMMOHJOF_01385	CDS	1464				hypothetical protein
MMMOHJOF_01386	CDS	1071	oxyL	1.14.13.232		6-methylpretetramide 4-monooxygenase
MMMOHJOF_01387	CDS	513				hypothetical protein
MMMOHJOF_01388	CDS	237				hypothetical protein
MMMOHJOF_01389	CDS	558				hypothetical protein
MMMOHJOF_01390	CDS	1416	glnA	6.3.1.2	COG0174	Glutamine synthetase
MMMOHJOF_01391	CDS	231	tusA_2		COG0425	Sulfur carrier protein TusA
MMMOHJOF_01392	CDS	1047	thiI	2.8.1.4		tRNA sulfurtransferase
MMMOHJOF_01393	CDS	498				hypothetical protein
MMMOHJOF_01394	CDS	1860				hypothetical protein
MMMOHJOF_01395	CDS	522				hypothetical protein
MMMOHJOF_01396	CDS	1806	typA		COG1217	GTP-binding protein TypA/BipA
MMMOHJOF_01397	CDS	924				hypothetical protein
MMMOHJOF_01398	CDS	1842	mrdA_1	3.4.16.4	COG0768	Peptidoglycan D,D-transpeptidase MrdA
MMMOHJOF_01399	CDS	510				hypothetical protein
MMMOHJOF_01400	CDS	1800				hypothetical protein
MMMOHJOF_01401	CDS	594	plsY	2.3.1.15	COG0344	putative glycerol-3-phosphate acyltransferase
MMMOHJOF_01402	CDS	549	orn	3.1.-.-	COG1949	Oligoribonuclease
MMMOHJOF_01403	CDS	960				hypothetical protein
MMMOHJOF_01404	CDS	1725				hypothetical protein
MMMOHJOF_01405	CDS	765				hypothetical protein
MMMOHJOF_01406	CDS	1008				hypothetical protein
MMMOHJOF_01407	CDS	1083				hypothetical protein
MMMOHJOF_01408	CDS	471				hypothetical protein
MMMOHJOF_01409	CDS	903			COG1721	putative protein
MMMOHJOF_01410	CDS	999				hypothetical protein
MMMOHJOF_01411	CDS	609				hypothetical protein
MMMOHJOF_01412	CDS	1008	purM	6.3.3.1	COG0150	Phosphoribosylformylglycinamidine cyclo-ligase
MMMOHJOF_01413	CDS	1023	pyrD	1.3.5.2	COG0167	Dihydroorotate dehydrogenase (quinone)
MMMOHJOF_01414	CDS	690				hypothetical protein
MMMOHJOF_01415	CDS	222				hypothetical protein
MMMOHJOF_01416	CDS	309	hipA_2	2.7.11.1	COG3550	Serine/threonine-protein kinase toxin HipA
MMMOHJOF_01417	CDS	930				hypothetical protein
MMMOHJOF_01418	CDS	780	bdhA	1.1.1.30		D-beta-hydroxybutyrate dehydrogenase
MMMOHJOF_01419	CDS	1053				hypothetical protein
MMMOHJOF_01420	CDS	345				hypothetical protein
MMMOHJOF_01421	CDS	1896	dsbD	1.8.1.8	COG4232	Thiol:disulfide interchange protein DsbD
MMMOHJOF_01422	CDS	324	cutA		COG1324	Divalent-cation tolerance protein CutA
MMMOHJOF_01423	CDS	594				hypothetical protein
MMMOHJOF_01424	CDS	423				hypothetical protein
MMMOHJOF_01425	CDS	291	groS		COG0234	10 kDa chaperonin
MMMOHJOF_01426	tRNA	76				tRNA-Asn(gtt)
MMMOHJOF_01427	CDS	1200	aatA	2.6.1.1	COG0436	Aspartate/prephenate aminotransferase
MMMOHJOF_01428	CDS	2004	uvrB		COG0556	UvrABC system protein B
MMMOHJOF_01429	CDS	423				hypothetical protein
MMMOHJOF_01430	CDS	1440	katA	1.11.1.6		Catalase
MMMOHJOF_01431	CDS	588				hypothetical protein
MMMOHJOF_01432	CDS	2853				hypothetical protein
MMMOHJOF_01433	CDS	1164	nrdB	1.17.4.1	COG0208	Ribonucleoside-diphosphate reductase subunit beta
MMMOHJOF_01434	CDS	819	kynB	3.5.1.9		Kynurenine formamidase
MMMOHJOF_01435	CDS	468				hypothetical protein
MMMOHJOF_01436	CDS	210				hypothetical protein
MMMOHJOF_01437	CDS	669	mutH		COG3066	DNA mismatch repair protein MutH
MMMOHJOF_01438	CDS	879				hypothetical protein
MMMOHJOF_01439	CDS	207				hypothetical protein
MMMOHJOF_01440	CDS	708				hypothetical protein
MMMOHJOF_01441	CDS	705				hypothetical protein
MMMOHJOF_01442	CDS	1293				hypothetical protein
MMMOHJOF_01443	CDS	915	yadG		COG1131	putative ABC transporter ATP-binding protein YadG
MMMOHJOF_01444	CDS	780	yadH		COG0842	Inner membrane transport permease YadH
MMMOHJOF_01445	CDS	324				hypothetical protein
MMMOHJOF_01446	CDS	264				hypothetical protein
MMMOHJOF_01447	CDS	1296	dacC	3.4.16.4	COG1686	D-alanyl-D-alanine carboxypeptidase DacC
MMMOHJOF_01448	CDS	756	rlpA	4.2.2.-		Endolytic peptidoglycan transglycosylase RlpA
MMMOHJOF_01449	CDS	1044	mltB	4.2.2.-	COG2951	Membrane-bound lytic murein transglycosylase B
MMMOHJOF_01450	CDS	1152	mrdB	2.4.1.129	COG0772	Peptidoglycan glycosyltransferase MrdB
MMMOHJOF_01451	CDS	1863	mrdA_2	3.4.16.4	COG0768	Peptidoglycan D,D-transpeptidase MrdA
MMMOHJOF_01452	CDS	1443	mmgE	4.2.1.-	COG2079	Citrate/2-methylcitrate dehydratase
MMMOHJOF_01453	CDS	1572				hypothetical protein
MMMOHJOF_01454	CDS	1545	tolC		COG1538	Outer membrane protein TolC
MMMOHJOF_01455	CDS	648	pcm	2.1.1.77		Protein-L-isoaspartate O-methyltransferase
MMMOHJOF_01456	CDS	627	nudF	3.6.1.13		ADP-ribose pyrophosphatase
MMMOHJOF_01457	CDS	888		2.3.1.43		Phosphatidylcholine-sterol acyltransferase
MMMOHJOF_01458	CDS	807				hypothetical protein
MMMOHJOF_01459	CDS	138				hypothetical protein
MMMOHJOF_01460	CDS	765				hypothetical protein
MMMOHJOF_01461	CDS	873				hypothetical protein
MMMOHJOF_01462	CDS	210				hypothetical protein
MMMOHJOF_01463	CDS	399				hypothetical protein
MMMOHJOF_01464	CDS	336				hypothetical protein
MMMOHJOF_01465	CDS	762				hypothetical protein
MMMOHJOF_01466	CDS	693	hda		COG0593	DnaA regulatory inactivator Hda
MMMOHJOF_01467	CDS	915	yijE			putative cystine transporter YijE
MMMOHJOF_01468	CDS	1032	potD		COG0687	Spermidine/putrescine-binding periplasmic protein
MMMOHJOF_01469	CDS	783	ydcV			Inner membrane ABC transporter permease protein YdcV
MMMOHJOF_01470	CDS	858	potB		COG1176	Spermidine/putrescine transport system permease protein PotB
MMMOHJOF_01471	CDS	1095	potA	7.6.2.11	COG3842	Spermidine/putrescine import ATP-binding protein PotA
MMMOHJOF_01472	CDS	813				hypothetical protein
MMMOHJOF_01473	CDS	1401	gadC_2		COG0531	Glutamate/gamma-aminobutyrate antiporter
MMMOHJOF_01474	CDS	324			COG1146	Ferredoxin 1
MMMOHJOF_01475	CDS	1929	yoaA	3.6.4.12	COG1199	putative ATP-dependent DNA helicase YoaA
MMMOHJOF_01476	CDS	735	tsaB		COG1214	tRNA threonylcarbamoyladenosine biosynthesis protein TsaB
MMMOHJOF_01477	CDS	4872	gdhB	1.4.1.2	COG2902	NAD-specific glutamate dehydrogenase
MMMOHJOF_01478	CDS	894	dhaA	3.8.1.5		Haloalkane dehalogenase
MMMOHJOF_01479	CDS	1146				hypothetical protein
MMMOHJOF_01480	CDS	654	udg	3.2.2.27	COG1573	Type-4 uracil-DNA glycosylase
MMMOHJOF_01481	CDS	1182	ydhC			Inner membrane transport protein YdhC
MMMOHJOF_01482	CDS	276				hypothetical protein
MMMOHJOF_01483	CDS	549	yciB		COG2917	Intracellular septation protein
MMMOHJOF_01484	CDS	621	yciO		COG0009	putative protein YciO
MMMOHJOF_01485	CDS	834	scpA		COG1354	Segregation and condensation protein A
MMMOHJOF_01486	CDS	816	scpB			Segregation and condensation protein B
MMMOHJOF_01487	CDS	762	rluB	5.4.99.22	COG1187	Ribosomal large subunit pseudouridine synthase B
MMMOHJOF_01488	CDS	798				hypothetical protein
MMMOHJOF_01489	CDS	2409	mutS		COG0249	DNA mismatch repair protein MutS
MMMOHJOF_01490	CDS	510				hypothetical protein
MMMOHJOF_01491	CDS	480				hypothetical protein
MMMOHJOF_01492	CDS	501				hypothetical protein
MMMOHJOF_01493	CDS	471				hypothetical protein
MMMOHJOF_01494	CDS	411				hypothetical protein
MMMOHJOF_01495	CDS	240				hypothetical protein
MMMOHJOF_01496	CDS	1227	xerC_3			Tyrosine recombinase XerC
MMMOHJOF_01497	CDS	1446				hypothetical protein
MMMOHJOF_01498	CDS	729	metN	3.6.3.-	COG1135	Methionine import ATP-binding protein MetN
MMMOHJOF_01499	CDS	153				hypothetical protein
MMMOHJOF_01500	CDS	3012	tycB			Tyrocidine synthase 2
MMMOHJOF_01501	CDS	1260				hypothetical protein
MMMOHJOF_01502	CDS	411				hypothetical protein
MMMOHJOF_01503	CDS	480	coaD	2.7.7.3	COG0669	Phosphopantetheine adenylyltransferase
MMMOHJOF_01504	CDS	1650	ggt	3.4.19.13		Glutathione hydrolase proenzyme
MMMOHJOF_01505	CDS	819	mutM	3.2.2.23	COG0266	Formamidopyrimidine-DNA glycosylase
MMMOHJOF_01506	CDS	1182				hypothetical protein
MMMOHJOF_01507	CDS	1065	prfB		COG1186	Peptide chain release factor RF2
MMMOHJOF_01508	CDS	1503	lysU	6.1.1.6	COG1190	Lysine--tRNA ligase, heat inducible
MMMOHJOF_01509	CDS	1473				hypothetical protein
MMMOHJOF_01510	CDS	885	ygfZ			tRNA-modifying protein YgfZ
MMMOHJOF_01511	CDS	267	sdhE			FAD assembly factor SdhE
MMMOHJOF_01512	CDS	423				hypothetical protein
MMMOHJOF_01513	CDS	576	rpoE			ECF RNA polymerase sigma-E factor
MMMOHJOF_01514	CDS	1803	lepA	3.6.5.-	COG0481	Elongation factor 4
MMMOHJOF_01515	CDS	780	lepB	3.4.21.89	COG0681	Signal peptidase I
MMMOHJOF_01516	CDS	366				hypothetical protein
MMMOHJOF_01517	CDS	690	rnc	3.1.26.3	COG0571	Ribonuclease 3
MMMOHJOF_01518	CDS	897	era		COG1159	GTPase Era
MMMOHJOF_01519	CDS	699	recO		COG1381	DNA repair protein RecO
MMMOHJOF_01520	CDS	999		1.6.3.5	COG3380	Renalase
MMMOHJOF_01521	CDS	960				hypothetical protein
MMMOHJOF_01522	CDS	912				hypothetical protein
MMMOHJOF_01523	CDS	213				hypothetical protein
MMMOHJOF_01524	CDS	429				hypothetical protein
MMMOHJOF_01525	CDS	624	sspA		COG0625	Stringent starvation protein A
MMMOHJOF_01526	CDS	1440				hypothetical protein
MMMOHJOF_01527	CDS	735	petC		COG2857	Ammonia monooxygenase gamma subunit
MMMOHJOF_01528	CDS	1221	petB		COG1290	Cytochrome b
MMMOHJOF_01529	CDS	591	petA	7.1.1.8	COG0723	Ubiquinol-cytochrome c reductase iron-sulfur subunit
MMMOHJOF_01530	CDS	1287				hypothetical protein
MMMOHJOF_01531	CDS	453	rpsI		COG0103	30S ribosomal protein S9
MMMOHJOF_01532	CDS	438	rplM		COG0102	50S ribosomal protein L13
MMMOHJOF_01533	CDS	318	fdx4		COG3411	Ferredoxin, 2Fe-2S
MMMOHJOF_01534	CDS	870			COG0583	putative HTH-type transcriptional regulator
MMMOHJOF_01535	CDS	492				hypothetical protein
MMMOHJOF_01536	CDS	132				hypothetical protein
MMMOHJOF_01537	CDS	702				queuosine precursor transporter
MMMOHJOF_01538	CDS	447		3.1.-.-	COG0824	Putative esterase
MMMOHJOF_01539	CDS	753		1.1.1.393	COG1028	3-beta-hydroxycholanate 3-dehydrogenase (NADP(+))
MMMOHJOF_01540	CDS	789	aroE	1.1.1.25	COG0169	Shikimate dehydrogenase (NADP(+))
MMMOHJOF_01541	CDS	567				hypothetical protein
MMMOHJOF_01542	CDS	477	blaZ	3.5.2.6		Beta-lactamase 3
MMMOHJOF_01543	CDS	933	aacA-aphD			Bifunctional AAC/APH
MMMOHJOF_01544	CDS	591				hypothetical protein
MMMOHJOF_01545	CDS	978	ldhA	1.1.1.28	COG1052	D-lactate dehydrogenase
MMMOHJOF_01546	CDS	675	murI	5.1.1.3		Glutamate racemase
MMMOHJOF_01547	CDS	621				hypothetical protein
MMMOHJOF_01548	CDS	90				hypothetical protein
MMMOHJOF_01549	CDS	747	kdsB	2.7.7.38	COG1212	3-deoxy-manno-octulosonate cytidylyltransferase
MMMOHJOF_01550	CDS	183				hypothetical protein
MMMOHJOF_01551	CDS	732		3.2.2.27		Uracil-DNA glycosylase
MMMOHJOF_01552	CDS	672	qseB			Transcriptional regulatory protein QseB
MMMOHJOF_01553	CDS	1428	qseC	2.7.13.3		Sensor protein QseC
MMMOHJOF_01554	CDS	588				hypothetical protein
MMMOHJOF_01555	CDS	963				hypothetical protein
MMMOHJOF_01556	CDS	948	galE1	5.1.3.2	COG1088	UDP-glucose 4-epimerase
MMMOHJOF_01557	CDS	1068	rfbB	4.2.1.46	COG1088	dTDP-glucose 4,6-dehydratase
MMMOHJOF_01558	CDS	1977			COG0247	putative protein
MMMOHJOF_01559	CDS	696	cmk	2.7.4.25	COG0283	Cytidylate kinase
MMMOHJOF_01560	CDS	1701	rpsA		COG0539	30S ribosomal protein S1
MMMOHJOF_01561	CDS	291	lapA			Lipopolysaccharide assembly protein A
MMMOHJOF_01562	CDS	1170	lapB_2		COG2956	Lipopolysaccharide assembly protein B
MMMOHJOF_01563	CDS	699	pyrF	4.1.1.23	COG0284	Orotidine 5'-phosphate decarboxylase
MMMOHJOF_01564	CDS	309				hypothetical protein
MMMOHJOF_01565	CDS	1383	algC	5.4.2.2	COG1109	Phosphomannomutase/phosphoglucomutase
MMMOHJOF_01566	CDS	882	wecA	2.7.8.33		Undecaprenyl-phosphate alpha-N-acetylglucosaminyl 1-phosphate transferase
MMMOHJOF_01567	CDS	147	guaB	1.1.1.205	COG0516	Inosine-5'-monophosphate dehydrogenase
MMMOHJOF_01568	CDS	1569	guaA	6.3.5.2	COG0518	GMP synthase [glutamine-hydrolyzing]
MMMOHJOF_01569	CDS	471	tadA	3.5.4.33	COG0590	tRNA-specific adenosine deaminase
MMMOHJOF_01570	CDS	909				hypothetical protein
MMMOHJOF_01571	CDS	594	recR		COG0353	Recombination protein RecR
MMMOHJOF_01572	CDS	324	ybaB		COG0718	Nucleoid-associated protein YbaB
MMMOHJOF_01573	CDS	1641	ruvB_2	3.6.4.12		Holliday junction ATP-dependent DNA helicase RuvB
MMMOHJOF_01574	CDS	1383				hypothetical protein
MMMOHJOF_01575	CDS	1749	asnB_2	6.3.5.4	COG0367	Asparagine synthetase [glutamine-hydrolyzing] 1
MMMOHJOF_01576	CDS	903				hypothetical protein
MMMOHJOF_01577	tRNA	90				tRNA-Ser(gga)
MMMOHJOF_01578	CDS	717				hypothetical protein
MMMOHJOF_01579	CDS	999				hypothetical protein
MMMOHJOF_01580	CDS	429				hypothetical protein
MMMOHJOF_01581	CDS	1740				hypothetical protein
MMMOHJOF_01582	CDS	1224	epsF		COG1459	Type II secretion system protein F
MMMOHJOF_01583	CDS	837	outO			Type 4 prepilin-like proteins leader peptide-processing enzyme
MMMOHJOF_01584	CDS	591	coaE_1	2.7.1.24	COG0237	Dephospho-CoA kinase
MMMOHJOF_01585	CDS	1824	bepA_3	3.4.-.-		Beta-barrel assembly-enhancing protease
MMMOHJOF_01586	CDS	2667	secA		COG0653	Protein translocase subunit SecA
MMMOHJOF_01587	CDS	459				hypothetical protein
MMMOHJOF_01588	tRNA	77				tRNA-Pro(ggg)
MMMOHJOF_01589	CDS	321	ihfA		COG0776	Integration host factor subunit alpha
MMMOHJOF_01590	CDS	2376	pheT	6.1.1.20	COG0072	Phenylalanine--tRNA ligase beta subunit
MMMOHJOF_01591	CDS	1014	pheS	6.1.1.20	COG0016	Phenylalanine--tRNA ligase alpha subunit
MMMOHJOF_01592	CDS	1494				hypothetical protein
MMMOHJOF_01593	CDS	903	murB	1.3.1.98	COG0812	UDP-N-acetylenolpyruvoylglucosamine reductase
MMMOHJOF_01594	CDS	1497	murC	6.3.2.8	COG0773	UDP-N-acetylmuramate--L-alanine ligase
MMMOHJOF_01595	CDS	1074	murG	2.4.1.227	COG0707	UDP-N-acetylglucosamine--N-acetylmuramyl-(pentapeptide) pyrophosphoryl-undecaprenol N-acetylglucosamine transferase
MMMOHJOF_01596	CDS	1119	ftsW	2.4.1.129	COG0772	putative peptidoglycan glycosyltransferase FtsW
MMMOHJOF_01597	CDS	1350	murD	6.3.2.9	COG0771	UDP-N-acetylmuramoylalanine--D-glutamate ligase
MMMOHJOF_01598	CDS	1083	mraY	2.7.8.13	COG0472	Phospho-N-acetylmuramoyl-pentapeptide-transferase
MMMOHJOF_01599	CDS	1347	murF	6.3.2.10	COG0770	UDP-N-acetylmuramoyl-tripeptide--D-alanyl-D-alanine ligase
MMMOHJOF_01600	CDS	1503	murE	6.3.2.13	COG0769	UDP-N-acetylmuramoyl-L-alanyl-D-glutamate--2,6-diaminopimelate ligase
MMMOHJOF_01601	CDS	1692	ftsI	3.4.16.4	COG0768	Peptidoglycan D,D-transpeptidase FtsI
MMMOHJOF_01602	CDS	330	ftsL			Cell division protein FtsL
MMMOHJOF_01603	CDS	1941				hypothetical protein
MMMOHJOF_01604	CDS	2421	gyrB	5.6.2.2	COG0187	DNA gyrase subunit B
MMMOHJOF_01605	CDS	1245				hypothetical protein
MMMOHJOF_01606	CDS	561	rplE		COG0094	50S ribosomal protein L5
MMMOHJOF_01607	CDS	342	rpsN		COG0199	30S ribosomal protein S14
MMMOHJOF_01608	CDS	393	rpsH		COG0096	30S ribosomal protein S8
MMMOHJOF_01609	CDS	537	rplF		COG0097	50S ribosomal protein L6
MMMOHJOF_01610	CDS	186				hypothetical protein
MMMOHJOF_01611	CDS	1509	lysP		COG0833	Lysine-specific permease
MMMOHJOF_01612	CDS	1446	glnE		COG1391	Bifunctional glutamine synthetase adenylyltransferase/adenylyl-removing enzyme
MMMOHJOF_01613	CDS	198				hypothetical protein
MMMOHJOF_01614	CDS	1023	rfaF	2.-.-.-	COG0859	ADP-heptose--LPS heptosyltransferase 2
MMMOHJOF_01615	CDS	1032	rfaC	2.-.-.-	COG0859	Lipopolysaccharide heptosyltransferase 1
MMMOHJOF_01616	CDS	1995	mshA	2.4.1.250		D-inositol-3-phosphate glycosyltransferase
MMMOHJOF_01617	CDS	1440				hypothetical protein
MMMOHJOF_01618	CDS	1725	novN	2.1.3.12		Decarbamoylnovobiocin carbamoyltransferase
MMMOHJOF_01619	CDS	1680				hypothetical protein
MMMOHJOF_01620	CDS	594				hypothetical protein
MMMOHJOF_01621	tRNA	76				tRNA-Thr(tgt)
MMMOHJOF_01622	CDS	954				hypothetical protein
MMMOHJOF_01623	CDS	3237	ileS_2	6.1.1.5	COG0060	Isoleucine--tRNA ligase
MMMOHJOF_01624	CDS	2214	ftsP			Cell division protein FtsP
MMMOHJOF_01625	CDS	1026				hypothetical protein
MMMOHJOF_01626	CDS	777				hypothetical protein
MMMOHJOF_01627	CDS	252				hypothetical protein
MMMOHJOF_01628	CDS	1413	rnr_1	3.1.13.1	COG0557	Ribonuclease R
MMMOHJOF_01629	CDS	771	rnr_2	3.1.13.1	COG0557	Ribonuclease R
MMMOHJOF_01630	CDS	1254				hypothetical protein
MMMOHJOF_01631	CDS	276			COG1534	RNA-binding protein
MMMOHJOF_01632	CDS	267				hypothetical protein
MMMOHJOF_01633	CDS	618	rlmE	2.1.1.166	COG0293	Ribosomal RNA large subunit methyltransferase E
MMMOHJOF_01634	CDS	1929	ftsH	3.4.24.-	COG0465	ATP-dependent zinc metalloprotease FtsH
MMMOHJOF_01635	CDS	822	folP	2.5.1.15	COG0294	Dihydropteroate synthase
MMMOHJOF_01636	CDS	1452	recJ	3.1.-.-	COG0608	Single-stranded-DNA-specific exonuclease RecJ
MMMOHJOF_01637	CDS	618				hypothetical protein
MMMOHJOF_01638	CDS	891	mmsB	1.1.1.31	COG2084	3-hydroxyisobutyrate dehydrogenase
MMMOHJOF_01639	CDS	171				hypothetical protein
MMMOHJOF_01640	CDS	717	rph	2.7.7.56	COG0689	Ribonuclease PH
MMMOHJOF_01641	CDS	864				hypothetical protein
MMMOHJOF_01642	CDS	642	gmk	2.7.4.8	COG0194	Guanylate kinase
MMMOHJOF_01643	CDS	1257	pfp	2.7.1.90	COG0205	Pyrophosphate--fructose 6-phosphate 1-phosphotransferase
MMMOHJOF_01644	CDS	393				hypothetical protein
MMMOHJOF_01645	CDS	306				hypothetical protein
MMMOHJOF_01646	CDS	759	vanXB	3.4.13.22	COG2173	D-alanyl-D-alanine dipeptidase
MMMOHJOF_01647	CDS	951	rdgC		COG2974	Recombination-associated protein RdgC
MMMOHJOF_01648	CDS	1500	lnt	2.3.1.269	COG0815	Apolipoprotein N-acyltransferase
MMMOHJOF_01649	CDS	1479	pepA_2	3.4.11.1	COG0260	Cytosol aminopeptidase
MMMOHJOF_01650	CDS	1116	lptF		COG0795	Lipopolysaccharide export system permease protein LptF
MMMOHJOF_01651	CDS	1065	lptG		COG0795	Lipopolysaccharide export system permease protein LptG
MMMOHJOF_01652	CDS	1986	kefC		COG0475	Glutathione-regulated potassium-efflux system protein KefC
MMMOHJOF_01653	CDS	693	queC	6.3.4.20	COG0603	7-cyano-7-deazaguanine synthase
MMMOHJOF_01654	CDS	735			COG1974	putative HTH-type transcriptional regulator
MMMOHJOF_01655	CDS	831	phaC	2.3.1.-	COG3243	Poly(3-hydroxyalkanoate) polymerase subunit PhaC
MMMOHJOF_01656	CDS	2217				hypothetical protein
MMMOHJOF_01657	CDS	468				hypothetical protein
MMMOHJOF_01658	CDS	588				hypothetical protein
MMMOHJOF_01659	CDS	786				hypothetical protein
MMMOHJOF_01660	CDS	861				hypothetical protein
MMMOHJOF_01661	CDS	966	dusA	1.3.1.-	COG0042	tRNA-dihydrouridine(20/20a) synthase
MMMOHJOF_01662	CDS	489				hypothetical protein
MMMOHJOF_01663	CDS	1497	bauC	1.2.1.-	COG1012	Putative 3-oxopropanoate dehydrogenase
MMMOHJOF_01664	CDS	1446	phrB	4.1.99.3	COG0415	Deoxyribodipyrimidine photo-lyase
MMMOHJOF_01665	CDS	663	gadC_3		COG0531	Glutamate/gamma-aminobutyrate antiporter
MMMOHJOF_01666	CDS	369				hypothetical protein
MMMOHJOF_01667	CDS	1479	glpK	2.7.1.30		Glycerol kinase
MMMOHJOF_01668	CDS	537				hypothetical protein
MMMOHJOF_01669	CDS	405				hypothetical protein
MMMOHJOF_01670	CDS	1290	gltA	2.3.3.16	COG0372	Citrate synthase
MMMOHJOF_01671	CDS	378	sdhC		COG2009	Succinate dehydrogenase cytochrome b556 subunit
MMMOHJOF_01672	CDS	372	sdhD		COG2142	Succinate dehydrogenase hydrophobic membrane anchor subunit
MMMOHJOF_01673	CDS	1770	sdhA	1.3.5.1		Succinate dehydrogenase flavoprotein subunit
MMMOHJOF_01674	CDS	720	sdhB	1.3.5.1	COG0479	Succinate dehydrogenase iron-sulfur subunit
MMMOHJOF_01675	CDS	2832	sucA	1.2.4.2	COG0567	2-oxoglutarate dehydrogenase E1 component
MMMOHJOF_01676	CDS	1188	sucB	2.3.1.61	COG0508	Dihydrolipoyllysine-residue succinyltransferase component of 2-oxoglutarate dehydrogenase complex
MMMOHJOF_01677	CDS	1167	sucC	6.2.1.5	COG0045	Succinate--CoA ligase [ADP-forming] subunit beta
MMMOHJOF_01678	CDS	888	sucD	6.2.1.5	COG0074	Succinate--CoA ligase [ADP-forming] subunit alpha
MMMOHJOF_01679	CDS	501				hypothetical protein
MMMOHJOF_01680	CDS	213				hypothetical protein
MMMOHJOF_01681	CDS	312				hypothetical protein
MMMOHJOF_01682	CDS	825				hypothetical protein
MMMOHJOF_01683	CDS	672				hypothetical protein
MMMOHJOF_01684	CDS	543	aroK_2	2.7.1.71	COG0703	Shikimate kinase 1
MMMOHJOF_01685	CDS	387				hypothetical protein
MMMOHJOF_01686	CDS	819	dsbG		COG1651	Thiol:disulfide interchange protein DsbG
MMMOHJOF_01687	CDS	723	ugpQ	3.1.4.46	COG0584	Glycerophosphodiester phosphodiesterase, cytoplasmic
MMMOHJOF_01688	CDS	1482	eryB	1.1.1.402	COG0578	D-erythritol 1-phosphate dehydrogenase
MMMOHJOF_01689	CDS	1515	nnr		COG0062	Bifunctional NAD(P)H-hydrate repair enzyme Nnr
MMMOHJOF_01690	CDS	432	tsaE		COG0802	tRNA threonylcarbamoyladenosine biosynthesis protein TsaE
MMMOHJOF_01691	CDS	1197	amiC	3.5.1.28	COG0860	N-acetylmuramoyl-L-alanine amidase AmiC
MMMOHJOF_01692	CDS	843	hslO		COG1281	33 kDa chaperonin
MMMOHJOF_01693	CDS	1068		1.13.12.-	COG2070	Nitronate monooxygenase
MMMOHJOF_01694	CDS	1041				hypothetical protein
MMMOHJOF_01695	CDS	264				hypothetical protein
MMMOHJOF_01696	CDS	435	ribH	2.5.1.78	COG0054	6,7-dimethyl-8-ribityllumazine synthase
MMMOHJOF_01697	CDS	639	ccmA	7.6.2.5	COG4133	Cytochrome c biogenesis ATP-binding export protein CcmA
MMMOHJOF_01698	CDS	1011	sohB	3.4.21.-	COG0616	putative protease SohB
MMMOHJOF_01699	CDS	1737				hypothetical protein
MMMOHJOF_01700	CDS	735				hypothetical protein
MMMOHJOF_01701	CDS	1035	pyrC	3.5.2.3	COG0418	Dihydroorotase
MMMOHJOF_01702	CDS	645	rnt	3.1.13.-	COG0847	Ribonuclease T
MMMOHJOF_01703	CDS	675	copR			Transcriptional activator protein CopR
MMMOHJOF_01704	CDS	1446	czcS	2.7.13.3		Sensor protein CzcS
MMMOHJOF_01705	CDS	606	ahpC	1.11.1.15	COG0450	Alkyl hydroperoxide reductase C
MMMOHJOF_01706	CDS	228	csrA			Translational regulator CsrA
MMMOHJOF_01707	CDS	528				hypothetical protein
MMMOHJOF_01708	CDS	651				hypothetical protein
MMMOHJOF_01709	CDS	564				hypothetical protein
MMMOHJOF_01710	CDS	1065	ftsA_2			Cell division protein FtsA
MMMOHJOF_01711	CDS	555				hypothetical protein
MMMOHJOF_01712	CDS	663				hypothetical protein
MMMOHJOF_01713	CDS	129				hypothetical protein
MMMOHJOF_01714	CDS	372				hypothetical protein
MMMOHJOF_01715	CDS	474	ssb		COG0629	Single-stranded DNA-binding protein
MMMOHJOF_01716	CDS	1284	yajR		COG0477	Inner membrane transport protein YajR
MMMOHJOF_01717	CDS	156				hypothetical protein
MMMOHJOF_01718	CDS	816				hypothetical protein
MMMOHJOF_01719	CDS	1059	thrC	4.2.3.1	COG0498	Threonine synthase
MMMOHJOF_01720	CDS	1302	hom	1.1.1.3	COG0460	Homoserine dehydrogenase
MMMOHJOF_01721	CDS	1176	ampC	3.5.2.6	COG1680	Beta-lactamase
MMMOHJOF_01722	CDS	372				hypothetical protein
MMMOHJOF_01723	CDS	1263				hypothetical protein
MMMOHJOF_01724	CDS	795	ypjD		COG4137	Inner membrane protein YpjD
MMMOHJOF_01725	CDS	1371	ffh		COG0541	Signal recognition particle protein
MMMOHJOF_01726	CDS	1398		1.1.1.38		NAD-dependent malic enzyme
MMMOHJOF_01727	CDS	261	rpsP		COG0228	30S ribosomal protein S16
MMMOHJOF_01728	CDS	519	rimM		COG0806	Ribosome maturation factor RimM
MMMOHJOF_01729	CDS	750	trmD	2.1.1.228	COG0336	tRNA (guanine-N(1)-)-methyltransferase
MMMOHJOF_01730	CDS	426	rplS		COG0335	50S ribosomal protein L19
MMMOHJOF_01731	CDS	1686				hypothetical protein
MMMOHJOF_01732	CDS	771	ycfH	3.1.-.-	COG0084	putative metal-dependent hydrolase YcfH
MMMOHJOF_01733	CDS	354				hypothetical protein
MMMOHJOF_01734	CDS	930	holB	2.7.7.7	COG0470	DNA polymerase III subunit delta'
MMMOHJOF_01735	CDS	639	tmk	2.7.4.9	COG0125	Thymidylate kinase
MMMOHJOF_01736	CDS	1038	mltG	4.2.2.-	COG1559	Endolytic murein transglycosylase
MMMOHJOF_01737	CDS	2292	yhgF		COG2183	Protein YhgF
MMMOHJOF_01738	CDS	795				hypothetical protein
MMMOHJOF_01739	CDS	1635	alsS_1	2.2.1.6	COG0028	Acetolactate synthase
MMMOHJOF_01740	CDS	258				hypothetical protein
MMMOHJOF_01741	CDS	636				hypothetical protein
MMMOHJOF_01742	CDS	1338	pabB	2.6.1.85	COG0147	Aminodeoxychorismate synthase component 1
MMMOHJOF_01743	CDS	1326				hypothetical protein
MMMOHJOF_01744	CDS	870	prpB	4.1.3.30	COG2513	2-methylisocitrate lyase
MMMOHJOF_01745	CDS	1116	prpC	2.3.3.5	COG0372	2-methylcitrate synthase
MMMOHJOF_01746	CDS	756				hypothetical protein
MMMOHJOF_01747	CDS	537				hypothetical protein
MMMOHJOF_01748	CDS	1551				hypothetical protein
MMMOHJOF_01749	CDS	1380	calB	1.2.1.68		Coniferyl aldehyde dehydrogenase
MMMOHJOF_01750	CDS	606				hypothetical protein
MMMOHJOF_01751	CDS	1953	btuB			Vitamin B12 transporter BtuB
MMMOHJOF_01752	CDS	225				hypothetical protein
MMMOHJOF_01753	CDS	255				hypothetical protein
MMMOHJOF_01754	CDS	777	mkl		COG1127	putative ribonucleotide transport ATP-binding protein mkl
MMMOHJOF_01755	CDS	1128				hypothetical protein
MMMOHJOF_01756	CDS	957	hldD	5.1.3.20	COG0451	ADP-L-glycero-D-manno-heptose-6-epimerase
MMMOHJOF_01757	CDS	1443	hldE		COG2870	Bifunctional protein HldE
MMMOHJOF_01758	CDS	300				hypothetical protein
MMMOHJOF_01759	CDS	303				hypothetical protein
MMMOHJOF_01760	CDS	990		5.1.3.2	COG1088	UDP-glucose 4-epimerase
MMMOHJOF_01761	CDS	945	lpxL	2.3.1.241	COG1560	Lipid A biosynthesis lauroyltransferase
MMMOHJOF_01762	CDS	792	tam	2.1.1.144	COG4106	Trans-aconitate 2-methyltransferase
MMMOHJOF_01763	CDS	279				hypothetical protein
MMMOHJOF_01764	CDS	456	mraZ		COG2001	Transcriptional regulator MraZ
MMMOHJOF_01765	CDS	828	dksA			RNA polymerase-binding transcription factor DksA
MMMOHJOF_01766	CDS	738	rlmB	2.1.1.185	COG0566	23S rRNA (guanosine-2'-O-)-methyltransferase RlmB
MMMOHJOF_01767	CDS	354	rpsF		COG0360	30S ribosomal protein S6
MMMOHJOF_01768	CDS	234	rpsR		COG0238	30S ribosomal protein S18
MMMOHJOF_01769	CDS	453	rplI		COG0359	50S ribosomal protein L9
MMMOHJOF_01770	CDS	1398	dnaB	3.6.4.12	COG0305	Replicative DNA helicase
MMMOHJOF_01771	CDS	1074	alr-1	5.1.1.1	COG0787	Alanine racemase
MMMOHJOF_01772	CDS	2253				hypothetical protein
MMMOHJOF_01773	CDS	714				hypothetical protein
MMMOHJOF_01774	CDS	462				hypothetical protein
MMMOHJOF_01775	CDS	1359	radA	3.6.4.-	COG1066	DNA repair protein RadA
MMMOHJOF_01776	CDS	855				hypothetical protein
MMMOHJOF_01777	CDS	780				hypothetical protein
MMMOHJOF_01778	CDS	1569	yejF		COG4172	putative ABC transporter ATP-binding protein YejF
MMMOHJOF_01779	CDS	378				hypothetical protein
MMMOHJOF_01780	CDS	321				hypothetical protein
MMMOHJOF_01781	CDS	1299	hipA_3	2.7.11.1	COG3550	Serine/threonine-protein kinase toxin HipA
MMMOHJOF_01782	CDS	279				hypothetical protein
MMMOHJOF_01783	CDS	297				hypothetical protein
MMMOHJOF_01784	CDS	747				hypothetical protein
MMMOHJOF_01785	CDS	1278				hypothetical protein
MMMOHJOF_01786	CDS	1695				hypothetical protein
MMMOHJOF_01787	CDS	543				hypothetical protein
MMMOHJOF_01788	CDS	1065	hemE	4.1.1.37	COG0407	Uroporphyrinogen decarboxylase
MMMOHJOF_01789	CDS	1578	damX_2			Cell division protein DamX
MMMOHJOF_01790	CDS	1056	lly	1.13.11.27	COG3185	4-hydroxyphenylpyruvate dioxygenase
MMMOHJOF_01791	CDS	660	trmR	2.1.1.-		tRNA 5-hydroxyuridine methyltransferase
MMMOHJOF_01792	CDS	1287	rbn	3.1.26.11		Ribonuclease BN
MMMOHJOF_01793	CDS	2088	recG	3.6.4.12	COG1200	ATP-dependent DNA helicase RecG
MMMOHJOF_01794	CDS	711				hypothetical protein
MMMOHJOF_01795	CDS	549				hypothetical protein
MMMOHJOF_01796	CDS	498				hypothetical protein
MMMOHJOF_01797	CDS	543				hypothetical protein
MMMOHJOF_01798	CDS	330	alsS_2	2.2.1.6	COG0028	Acetolactate synthase
MMMOHJOF_01799	CDS	1122	gltX_2	6.1.1.17		Glutamate--tRNA ligase
MMMOHJOF_01800	CDS	1389	cysS	6.1.1.16	COG0215	Cysteine--tRNA ligase
MMMOHJOF_01801	CDS	1260				hypothetical protein
MMMOHJOF_01802	CDS	426				hypothetical protein
MMMOHJOF_01803	tRNA	92				tRNA-Ser(gct)
MMMOHJOF_01804	tRNA	77				tRNA-Arg(acg)
MMMOHJOF_01805	CDS	528	msrB	1.8.4.12	COG0229	Peptide methionine sulfoxide reductase MsrB
MMMOHJOF_01806	CDS	615	msrA	1.8.4.11	COG0225	Peptide methionine sulfoxide reductase MsrA
MMMOHJOF_01807	CDS	801	bpoC	1.11.1.18	COG0596	Putative non-heme bromoperoxidase BpoC
MMMOHJOF_01808	CDS	561	resA			Thiol-disulfide oxidoreductase ResA
MMMOHJOF_01809	CDS	1350	xseA	3.1.11.6	COG1570	Exodeoxyribonuclease 7 large subunit
MMMOHJOF_01810	CDS	930				hypothetical protein
MMMOHJOF_01811	CDS	1125				hypothetical protein
MMMOHJOF_01812	CDS	552	epmC	1.14.-.-	COG3101	Elongation factor P hydroxylase
MMMOHJOF_01813	CDS	2367	xpkA	4.1.2.9		Xylulose-5-phosphate phosphoketolase
MMMOHJOF_01814	CDS	387				hypothetical protein
MMMOHJOF_01815	CDS	828				hypothetical protein
MMMOHJOF_01816	CDS	810				hypothetical protein
MMMOHJOF_01817	CDS	783	surE	3.1.3.5	COG0496	5'-nucleotidase SurE
MMMOHJOF_01818	CDS	714				hypothetical protein
MMMOHJOF_01819	CDS	1053	rpoS			RNA polymerase sigma factor RpoS
MMMOHJOF_01820	CDS	534	coaE_2	2.7.1.24	COG0237	Dephospho-CoA kinase
MMMOHJOF_01821	CDS	540	yceJ		COG3038	Cytochrome b561 
MMMOHJOF_01822	CDS	591				hypothetical protein
MMMOHJOF_01823	CDS	330	arcB_2	2.7.13.3	COG0642	Aerobic respiration control sensor protein ArcB
MMMOHJOF_01824	CDS	321				hypothetical protein
MMMOHJOF_01825	CDS	657				hypothetical protein
MMMOHJOF_01826	CDS	675				hypothetical protein
MMMOHJOF_01827	CDS	1233			COG1373	putative protein
MMMOHJOF_01828	CDS	207				hypothetical protein
MMMOHJOF_01829	CDS	1023				hypothetical protein
MMMOHJOF_01830	CDS	849				hypothetical protein
MMMOHJOF_01831	CDS	1179	odh	1.5.1.28		Opine dehydrogenase
MMMOHJOF_01832	CDS	912	yhfQ		COG4594	Putative ABC transporter substrate-binding lipoprotein YhfQ
MMMOHJOF_01833	CDS	1065				hypothetical protein
MMMOHJOF_01834	CDS	612	hisB	3.1.3.15		Histidine biosynthesis bifunctional protein HisB
MMMOHJOF_01835	CDS	903	ilvE	2.6.1.42	COG0115	Branched-chain-amino-acid aminotransferase
MMMOHJOF_01836	CDS	2058	glyS	6.1.1.14	COG0751	Glycine--tRNA ligase beta subunit
MMMOHJOF_01837	CDS	906	glyQ	6.1.1.14	COG0752	Glycine--tRNA ligase alpha subunit
MMMOHJOF_01838	CDS	321				hypothetical protein
MMMOHJOF_01839	CDS	423	atpC		COG0355	ATP synthase epsilon chain
MMMOHJOF_01840	CDS	1383	atpD	7.1.2.2	COG0055	ATP synthase subunit beta
MMMOHJOF_01841	CDS	861	atpG		COG0224	ATP synthase gamma chain
MMMOHJOF_01842	CDS	1542	atpA	7.1.2.2	COG0056	ATP synthase subunit alpha
MMMOHJOF_01843	CDS	552	atpH_1		COG0712	ATP synthase subunit delta
MMMOHJOF_01844	CDS	480	atpF		COG0711	ATP synthase subunit b
MMMOHJOF_01845	CDS	312	atpH_2			ATP synthase subunit c
MMMOHJOF_01846	CDS	795	atpB		COG0356	ATP synthase subunit a
MMMOHJOF_01847	CDS	360				hypothetical protein
MMMOHJOF_01848	CDS	1770				hypothetical protein
MMMOHJOF_01849	CDS	843				hypothetical protein
MMMOHJOF_01850	CDS	1428				hypothetical protein
MMMOHJOF_01851	tRNA	87				tRNA-Leu(caa)
MMMOHJOF_01852	CDS	1035	queA	2.4.99.17	COG0809	S-adenosylmethionine:tRNA ribosyltransferase-isomerase
MMMOHJOF_01853	CDS	240	rpsU		COG0828	30S ribosomal protein S21
MMMOHJOF_01854	CDS	450	yqeY		COG1610	putative protein YqeY
MMMOHJOF_01855	CDS	1758	dnaG	2.7.7.-	COG0358	DNA primase
MMMOHJOF_01856	CDS	1164	dnaJ		COG0484	Chaperone protein DnaJ
MMMOHJOF_01857	CDS	1950	dnaK		COG0443	Chaperone protein DnaK
MMMOHJOF_01858	CDS	579	grpE		COG0576	Protein GrpE
MMMOHJOF_01859	CDS	888	nadK	2.7.1.23	COG0061	NAD kinase
MMMOHJOF_01860	CDS	285				hypothetical protein
MMMOHJOF_01861	CDS	321				hypothetical protein
MMMOHJOF_01862	CDS	648				hypothetical protein
MMMOHJOF_01863	CDS	420				hypothetical protein
MMMOHJOF_01864	CDS	960				hypothetical protein
MMMOHJOF_01865	CDS	471				hypothetical protein
MMMOHJOF_01866	CDS	828				hypothetical protein
MMMOHJOF_01867	CDS	1344	pcnB	2.7.7.19	COG0617	Poly(A) polymerase I
MMMOHJOF_01868	CDS	492	folK	2.7.6.3	COG0801	2-amino-4-hydroxy-6-hydroxymethyldihydropteridine pyrophosphokinase
MMMOHJOF_01869	CDS	1245	tetA			Tetracycline resistance protein, class C
MMMOHJOF_01870	CDS	1293				hypothetical protein
MMMOHJOF_01871	CDS	744	tpiA	5.3.1.1	COG0149	Triosephosphate isomerase
MMMOHJOF_01872	CDS	306	secG		COG1314	Protein-export membrane protein SecG
MMMOHJOF_01873	tRNA	85				tRNA-Leu(gag)
MMMOHJOF_01874	CDS	357	ndhC	7.1.1.-		NAD(P)H-quinone oxidoreductase subunit 3
MMMOHJOF_01875	CDS	489	nuoB	7.1.1.-	COG0377	NADH-quinone oxidoreductase subunit B
MMMOHJOF_01876	CDS	690	ndhJ	7.1.1.-		NAD(P)H-quinone oxidoreductase subunit J, chloroplastic
MMMOHJOF_01877	CDS	1254	nuoD	7.1.1.-	COG0649	NADH-quinone oxidoreductase subunit D
MMMOHJOF_01878	CDS	495	nqo2	7.1.1.-	COG1905	NADH-quinone oxidoreductase subunit 2
MMMOHJOF_01879	CDS	1284	nuoF	7.1.1.-	COG1894	NADH-quinone oxidoreductase subunit F
MMMOHJOF_01880	CDS	210				hypothetical protein
MMMOHJOF_01881	CDS	699				hypothetical protein
MMMOHJOF_01882	CDS	1092	ychF		COG0012	Ribosome-binding ATPase YchF
MMMOHJOF_01883	CDS	582	pth	3.1.1.29		Peptidyl-tRNA hydrolase
MMMOHJOF_01884	CDS	699	rplY			50S ribosomal protein L25
MMMOHJOF_01885	CDS	945	prs	2.7.6.1	COG0462	Ribose-phosphate pyrophosphokinase
MMMOHJOF_01886	tRNA	75				tRNA-Gln(ttg)
MMMOHJOF_01887	CDS	603	lolB		COG3017	Outer-membrane lipoprotein LolB
MMMOHJOF_01888	CDS	1206	hemA	1.2.1.70	COG0373	Glutamyl-tRNA reductase
